+0:1,0,0,0,0
+1:0,1,0,0,0
+2:0,0,1,0,0
+3:0,0,0,1,0
+4:0,0,0,0,1
+5:1,0,0,0,0
+6:0,1,0,0,0
+7:0,0,1,0,0
+8:0,0,0,1,0
+9:0,0,0,0,1
+10:1,0,0,0,0
+11:0,1,0,0,0
+12:0,0,1,0,0
+13:0,0,0,1,0
+14:0,0,0,0,1
+15:1,0,0,0,0
+16:0,1,0,0,0
+17:0,0,1,0,0
+18:0,0,0,1,0
+19:0,0,0,0,1
+20:0,0,1,0,0
+21:0,0,0,1,0
+22:0,0,0,0,1
+23:1,0,0,0,0
+24:0,1,0,0,0
+25:0,0,1,0,0
+26:0,0,0,1,0
+27:0,0,0,0,1
+28:1,0,0,0,0
+29:0,1,0,0,0
+30:0,0,1,0,0
+31:0,0,0,1,0
+32:0,0,0,0,1
+33:1,0,0,0,0
+34:0,1,0,0,0
+35:0,0,1,0,0
+36:0,0,0,1,0
+37:0,0,0,0,1
+38:1,0,0,0,0
+39:0,1,0,0,0
+40:0,0,0,0,1
+41:1,0,0,0,0
+42:0,1,0,0,0
+43:0,0,1,0,0
+44:0,0,0,1,0
+45:0,0,0,0,1
+46:1,0,0,0,0
+47:0,1,0,0,0
+48:0,0,1,0,0
+49:0,0,0,1,0
+50:0,0,0,0,1
+51:1,0,0,0,0
+52:0,1,0,0,0
+53:0,0,1,0,0
+54:0,0,0,1,0
+55:0,0,0,0,1
+56:1,0,0,0,0
+57:0,1,0,0,0
+58:0,0,1,0,0
+59:0,0,0,1,0
+60:0,1,0,0,0
+61:0,0,1,0,0
+62:0,0,0,1,0
+63:0,0,0,0,1
+64:1,0,0,0,0
+65:0,1,0,0,0
+66:0,0,1,0,0
+67:0,0,0,1,0
+68:0,0,0,0,1
+69:1,0,0,0,0
+70:0,1,0,0,0
+71:0,0,1,0,0
+72:0,0,0,1,0
+73:0,0,0,0,1
+74:1,0,0,0,0
+75:0,1,0,0,0
+76:0,0,1,0,0
+77:0,0,0,1,0
+78:0,0,0,0,1
+79:1,0,0,0,0
+80:0,0,0,1,0
+81:0,0,0,0,1
+82:1,0,0,0,0
+83:0,1,0,0,0
+84:0,0,1,0,0
+85:0,0,0,1,0
+86:0,0,0,0,1
+87:1,0,0,0,0
+88:0,1,0,0,0
+89:0,0,1,0,0
+90:0,0,0,1,0
+91:0,0,0,0,1
+92:1,0,0,0,0
+93:0,1,0,0,0
+94:0,0,1,0,0
+95:0,0,0,1,0
+96:0,0,0,0,1
+97:1,0,0,0,0
+98:0,1,0,0,0
+99:0,0,1,0,0
+100:1,0,0,0,0
+101:0,1,0,0,0
+102:0,0,1,0,0
+103:0,0,0,1,0
+104:0,0,0,0,1
+105:1,0,0,0,0
+106:0,1,0,0,0
+107:0,0,1,0,0
+108:0,0,0,1,0
+109:0,0,0,0,1
+110:1,0,0,0,0
+111:0,1,0,0,0
+112:0,0,1,0,0
+113:0,0,0,1,0
+114:0,0,0,0,1
+115:1,0,0,0,0
+116:0,1,0,0,0
+117:0,0,1,0,0
+118:0,0,0,1,0
+119:0,0,0,0,1
+120:0,0,1,0,0
+121:0,0,0,1,0
+122:0,0,0,0,1
+123:1,0,0,0,0
+124:0,1,0,0,0
+125:0,0,1,0,0
+126:0,0,0,1,0
+127:0,0,0,0,1
+128:1,0,0,0,0
+129:0,1,0,0,0
+130:0,0,1,0,0
+131:0,0,0,1,0
+132:0,0,0,0,1
+133:1,0,0,0,0
+134:0,1,0,0,0
+135:0,0,1,0,0
+136:0,0,0,1,0
+137:0,0,0,0,1
+138:1,0,0,0,0
+139:0,1,0,0,0
+140:0,0,0,0,1
+141:1,0,0,0,0
+142:0,1,0,0,0
+143:0,0,1,0,0
+144:0,0,0,1,0
+145:0,0,0,0,1
+146:1,0,0,0,0
+147:0,1,0,0,0
+148:0,0,1,0,0
+149:0,0,0,1,0
+150:0,0,0,0,1
+151:1,0,0,0,0
+152:0,1,0,0,0
+153:0,0,1,0,0
+154:0,0,0,1,0
+155:0,0,0,0,1
+156:1,0,0,0,0
+157:0,1,0,0,0
+158:0,0,1,0,0
+159:0,0,0,1,0
+160:0,1,0,0,0
+161:0,0,1,0,0
+162:0,0,0,1,0
+163:0,0,0,0,1
+164:1,0,0,0,0
+165:0,1,0,0,0
+166:0,0,1,0,0
+167:0,0,0,1,0
+168:0,0,0,0,1
+169:1,0,0,0,0
+170:0,1,0,0,0
+171:0,0,1,0,0
+172:0,0,0,1,0
+173:0,0,0,0,1
+174:1,0,0,0,0
+175:0,1,0,0,0
+176:0,0,1,0,0
+177:0,0,0,1,0
+178:0,0,0,0,1
+179:1,0,0,0,0
+180:0,0,0,1,0
+181:0,0,0,0,1
+182:1,0,0,0,0
+183:0,1,0,0,0
+184:0,0,1,0,0
+185:0,0,0,1,0
+186:0,0,0,0,1
+187:1,0,0,0,0
+188:0,1,0,0,0
+189:0,0,1,0,0
+190:0,0,0,1,0
+191:0,0,0,0,1
+192:1,0,0,0,0
+193:0,1,0,0,0
+194:0,0,1,0,0
+195:0,0,0,1,0
+196:0,0,0,0,1
+197:1,0,0,0,0
+198:0,1,0,0,0
+199:0,0,1,0,0
+200:1,0,0,0,0
+201:0,1,0,0,0
+202:0,0,1,0,0
+203:0,0,0,1,0
+204:0,0,0,0,1
+205:1,0,0,0,0
+206:0,1,0,0,0
+207:0,0,1,0,0
+208:0,0,0,1,0
+209:0,0,0,0,1
+210:1,0,0,0,0
+211:0,1,0,0,0
+212:0,0,1,0,0
+213:0,0,0,1,0
+214:0,0,0,0,1
+215:1,0,0,0,0
+216:0,1,0,0,0
+217:0,0,1,0,0
+218:0,0,0,1,0
+219:0,0,0,0,1
+220:0,0,1,0,0
+221:0,0,0,1,0
+222:0,0,0,0,1
+223:1,0,0,0,0
+224:0,1,0,0,0
+225:0,0,1,0,0
+226:0,0,0,1,0
+227:0,0,0,0,1
+228:1,0,0,0,0
+229:0,1,0,0,0
+230:0,0,1,0,0
+231:0,0,0,1,0
+232:0,0,0,0,1
+233:1,0,0,0,0
+234:0,1,0,0,0
+235:0,0,1,0,0
+236:0,0,0,1,0
+237:0,0,0,0,1
+238:1,0,0,0,0
+239:0,1,0,0,0
+240:0,0,0,0,1
+241:1,0,0,0,0
+242:0,1,0,0,0
+243:0,0,1,0,0
+244:0,0,0,1,0
+245:0,0,0,0,1
+246:1,0,0,0,0
+247:0,1,0,0,0
+248:0,0,1,0,0
+249:0,0,0,1,0
+250:0,0,0,0,1
+251:1,0,0,0,0
+252:0,1,0,0,0
+253:0,0,1,0,0
+254:0,0,0,1,0
+255:0,0,0,0,1
+256:1,0,0,0,0
+257:0,1,0,0,0
+258:0,0,1,0,0
+259:0,0,0,1,0
+260:0,1,0,0,0
+261:0,0,1,0,0
+262:0,0,0,1,0
+263:0,0,0,0,1
+264:1,0,0,0,0
+265:0,1,0,0,0
+266:0,0,1,0,0
+267:0,0,0,1,0
+268:0,0,0,0,1
+269:1,0,0,0,0
+270:0,1,0,0,0
+271:0,0,1,0,0
+272:0,0,0,1,0
+273:0,0,0,0,1
+274:1,0,0,0,0
+275:0,1,0,0,0
+276:0,0,1,0,0
+277:0,0,0,1,0
+278:0,0,0,0,1
+279:1,0,0,0,0
+280:0,0,0,1,0
+281:0,0,0,0,1
+282:1,0,0,0,0
+283:0,1,0,0,0
+284:0,0,1,0,0
+285:0,0,0,1,0
+286:0,0,0,0,1
+287:1,0,0,0,0
+288:0,1,0,0,0
+289:0,0,1,0,0
+290:0,0,0,1,0
+291:0,0,0,0,1
+292:1,0,0,0,0
+293:0,1,0,0,0
+294:0,0,1,0,0
+295:0,0,0,1,0
+296:0,0,0,0,1
+297:1,0,0,0,0
+298:0,1,0,0,0
+299:0,0,1,0,0
+300:1,0,0,0,0
+301:0,1,0,0,0
+302:0,0,1,0,0
+303:0,0,0,1,0
+304:0,0,0,0,1
+305:1,0,0,0,0
+306:0,1,0,0,0
+307:0,0,1,0,0
+308:0,0,0,1,0
+309:0,0,0,0,1
+310:1,0,0,0,0
+311:0,1,0,0,0
+312:0,0,1,0,0
+313:0,0,0,1,0
+314:0,0,0,0,1
+315:1,0,0,0,0
+316:0,1,0,0,0
+317:0,0,1,0,0
+318:0,0,0,1,0
+319:0,0,0,0,1
+320:0,0,1,0,0
+321:0,0,0,1,0
+322:0,0,0,0,1
+323:1,0,0,0,0
+324:0,1,0,0,0
+325:0,0,1,0,0
+326:0,0,0,1,0
+327:0,0,0,0,1
+328:1,0,0,0,0
+329:0,1,0,0,0
+330:0,0,1,0,0
+331:0,0,0,1,0
+332:0,0,0,0,1
+333:1,0,0,0,0
+334:0,1,0,0,0
+335:0,0,1,0,0
+336:0,0,0,1,0
+337:0,0,0,0,1
+338:1,0,0,0,0
+339:0,1,0,0,0
+340:0,0,0,0,1
+341:1,0,0,0,0
+342:0,1,0,0,0
+343:0,0,1,0,0
+344:0,0,0,1,0
+345:0,0,0,0,1
+346:1,0,0,0,0
+347:0,1,0,0,0
+348:0,0,1,0,0
+349:0,0,0,1,0
+350:0,0,0,0,1
+351:1,0,0,0,0
+352:0,1,0,0,0
+353:0,0,1,0,0
+354:0,0,0,1,0
+355:0,0,0,0,1
+356:1,0,0,0,0
+357:0,1,0,0,0
+358:0,0,1,0,0
+359:0,0,0,1,0
+360:0,1,0,0,0
+361:0,0,1,0,0
+362:0,0,0,1,0
+363:0,0,0,0,1
+364:1,0,0,0,0
+365:0,1,0,0,0
+366:0,0,1,0,0
+367:0,0,0,1,0
+368:0,0,0,0,1
+369:1,0,0,0,0
+370:0,1,0,0,0
+371:0,0,1,0,0
+372:0,0,0,1,0
+373:0,0,0,0,1
+374:1,0,0,0,0
+375:0,1,0,0,0
+376:0,0,1,0,0
+377:0,0,0,1,0
+378:0,0,0,0,1
+379:1,0,0,0,0
+380:0,0,0,1,0
+381:0,0,0,0,1
+382:1,0,0,0,0
+383:0,1,0,0,0
+384:0,0,1,0,0
+385:0,0,0,1,0
+386:0,0,0,0,1
+387:1,0,0,0,0
+388:0,1,0,0,0
+389:0,0,1,0,0
+390:0,0,0,1,0
+391:0,0,0,0,1
+392:1,0,0,0,0
+393:0,1,0,0,0
+394:0,0,1,0,0
+395:0,0,0,1,0
+396:0,0,0,0,1
+397:1,0,0,0,0
+398:0,1,0,0,0
+399:0,0,1,0,0
