+0:1,0,0,0,0
+1:0,1,0,0,0
+2:0,0,1,0,0
+3:0,0,0,1,0
+4:0,0,0,0,1
+5:1,0,0,0,0
+6:0,1,0,0,0
+7:0,0,1,0,0
+8:0,0,0,1,0
+9:0,0,0,0,1
+10:1,0,0,0,0
+11:0,1,0,0,0
+12:0,0,1,0,0
+13:0,0,0,1,0
+14:0,0,0,0,1
+15:1,0,0,0,0
+16:0,1,0,0,0
+17:0,0,1,0,0
+18:0,0,0,1,0
+19:0,0,0,0,1
+20:1,0,0,0,0
+21:0,1,0,0,0
+22:0,0,1,0,0
+23:0,0,0,1,0
+24:0,0,0,0,1
+25:1,0,0,0,0
+26:0,1,0,0,0
+27:0,0,1,0,0
+28:0,0,0,1,0
+29:0,0,0,0,1
+30:1,0,0,0,0
+31:0,1,0,0,0
+32:0,0,1,0,0
+33:0,0,0,1,0
+34:0,0,1,0,0
+35:0,0,0,1,0
+36:0,0,0,0,1
+37:1,0,0,0,0
+38:0,1,0,0,0
+39:0,0,1,0,0
+40:0,0,0,1,0
+41:0,0,0,0,1
+42:1,0,0,0,0
+43:0,1,0,0,0
+44:0,0,1,0,0
+45:0,0,0,1,0
+46:0,0,0,0,1
+47:1,0,0,0,0
+48:0,1,0,0,0
+49:0,0,1,0,0
+50:0,0,0,1,0
+51:0,0,0,0,1
+52:1,0,0,0,0
+53:0,1,0,0,0
+54:0,0,1,0,0
+55:0,0,0,1,0
+56:0,0,0,0,1
+57:1,0,0,0,0
+58:0,1,0,0,0
+59:0,0,1,0,0
+60:0,0,0,1,0
+61:0,0,0,0,1
+62:1,0,0,0,0
+63:0,1,0,0,0
+64:0,0,1,0,0
+65:0,0,0,1,0
+66:0,0,0,0,1
+67:1,0,0,0,0
+68:0,0,0,0,1
+69:1,0,0,0,0
+70:0,1,0,0,0
+71:0,0,1,0,0
+72:0,0,0,1,0
+73:0,0,0,0,1
+74:1,0,0,0,0
+75:0,1,0,0,0
+76:0,0,1,0,0
+77:0,0,0,1,0
+78:0,0,0,0,1
+79:1,0,0,0,0
+80:0,1,0,0,0
+81:0,0,1,0,0
+82:0,0,0,1,0
+83:0,0,0,0,1
+84:1,0,0,0,0
+85:0,1,0,0,0
+86:0,0,1,0,0
+87:0,0,0,1,0
+88:0,0,0,0,1
+89:1,0,0,0,0
+90:0,1,0,0,0
+91:0,0,1,0,0
+92:0,0,0,1,0
+93:0,0,0,0,1
+94:1,0,0,0,0
+95:0,1,0,0,0
+96:0,0,1,0,0
+97:0,0,0,1,0
+98:0,0,0,0,1
+99:1,0,0,0,0
+100:0,1,0,0,0
+101:0,0,1,0,0
+102:0,1,0,0,0
+103:0,0,1,0,0
+104:0,0,0,1,0
+105:0,0,0,0,1
+106:1,0,0,0,0
+107:0,1,0,0,0
+108:0,0,1,0,0
+109:0,0,0,1,0
+110:0,0,0,0,1
+111:1,0,0,0,0
+112:0,1,0,0,0
+113:0,0,1,0,0
+114:0,0,0,1,0
+115:0,0,0,0,1
+116:1,0,0,0,0
+117:0,1,0,0,0
+118:0,0,1,0,0
+119:0,0,0,1,0
+120:0,0,0,0,1
+121:1,0,0,0,0
+122:0,1,0,0,0
+123:0,0,1,0,0
+124:0,0,0,1,0
+125:0,0,0,0,1
+126:1,0,0,0,0
+127:0,1,0,0,0
+128:0,0,1,0,0
+129:0,0,0,1,0
+130:0,0,0,0,1
+131:1,0,0,0,0
+132:0,1,0,0,0
+133:0,0,1,0,0
+134:0,0,0,1,0
+135:0,0,0,0,1
+136:0,0,0,1,0
+137:0,0,0,0,1
+138:1,0,0,0,0
+139:0,1,0,0,0
+140:0,0,1,0,0
+141:0,0,0,1,0
+142:0,0,0,0,1
+143:1,0,0,0,0
+144:0,1,0,0,0
+145:0,0,1,0,0
+146:0,0,0,1,0
+147:0,0,0,0,1
+148:1,0,0,0,0
+149:0,1,0,0,0
+150:0,0,1,0,0
+151:0,0,0,1,0
+152:0,0,0,0,1
+153:1,0,0,0,0
+154:0,1,0,0,0
+155:0,0,1,0,0
+156:0,0,0,1,0
+157:0,0,0,0,1
+158:1,0,0,0,0
+159:0,1,0,0,0
+160:0,0,1,0,0
+161:0,0,0,1,0
+162:0,0,0,0,1
+163:1,0,0,0,0
+164:0,1,0,0,0
+165:0,0,1,0,0
+166:0,0,0,1,0
+167:0,0,0,0,1
+168:1,0,0,0,0
+169:0,1,0,0,0
+170:1,0,0,0,0
+171:0,1,0,0,0
+172:0,0,1,0,0
+173:0,0,0,1,0
+174:0,0,0,0,1
+175:1,0,0,0,0
+176:0,1,0,0,0
+177:0,0,1,0,0
+178:0,0,0,1,0
+179:0,0,0,0,1
+180:1,0,0,0,0
+181:0,1,0,0,0
+182:0,0,1,0,0
+183:0,0,0,1,0
+184:0,0,0,0,1
+185:1,0,0,0,0
+186:0,1,0,0,0
+187:0,0,1,0,0
+188:0,0,0,1,0
+189:0,0,0,0,1
+190:1,0,0,0,0
+191:0,1,0,0,0
+192:0,0,1,0,0
+193:0,0,0,1,0
+194:0,0,0,0,1
+195:1,0,0,0,0
+196:0,1,0,0,0
+197:0,0,1,0,0
+198:0,0,0,1,0
+199:0,0,0,0,1
+200:1,0,0,0,0
+201:0,1,0,0,0
+202:0,0,1,0,0
+203:0,0,0,1,0
+204:0,0,1,0,0
+205:0,0,0,1,0
+206:0,0,0,0,1
+207:1,0,0,0,0
+208:0,1,0,0,0
+209:0,0,1,0,0
+210:0,0,0,1,0
+211:0,0,0,0,1
+212:1,0,0,0,0
+213:0,1,0,0,0
+214:0,0,1,0,0
+215:0,0,0,1,0
+216:0,0,0,0,1
+217:1,0,0,0,0
+218:0,1,0,0,0
+219:0,0,1,0,0
+220:0,0,0,1,0
+221:0,0,0,0,1
+222:1,0,0,0,0
+223:0,1,0,0,0
+224:0,0,1,0,0
+225:0,0,0,1,0
+226:0,0,0,0,1
+227:1,0,0,0,0
+228:0,1,0,0,0
+229:0,0,1,0,0
+230:0,0,0,1,0
+231:0,0,0,0,1
+232:1,0,0,0,0
+233:0,1,0,0,0
+234:0,0,1,0,0
+235:0,0,0,1,0
+236:0,0,0,0,1
+237:1,0,0,0,0
+238:0,0,0,0,1
+239:1,0,0,0,0
+240:0,1,0,0,0
+241:0,0,1,0,0
+242:0,0,0,1,0
+243:0,0,0,0,1
+244:1,0,0,0,0
+245:0,1,0,0,0
+246:0,0,1,0,0
+247:0,0,0,1,0
+248:0,0,0,0,1
+249:1,0,0,0,0
+250:0,1,0,0,0
+251:0,0,1,0,0
+252:0,0,0,1,0
+253:0,0,0,0,1
+254:1,0,0,0,0
+255:0,1,0,0,0
+256:0,0,1,0,0
+257:0,0,0,1,0
+258:0,0,0,0,1
+259:1,0,0,0,0
+260:0,1,0,0,0
+261:0,0,1,0,0
+262:0,0,0,1,0
+263:0,0,0,0,1
+264:1,0,0,0,0
+265:0,1,0,0,0
+266:0,0,1,0,0
+267:0,0,0,1,0
+268:0,0,0,0,1
+269:1,0,0,0,0
+270:0,1,0,0,0
+271:0,0,1,0,0
+272:0,1,0,0,0
+273:0,0,1,0,0
+274:0,0,0,1,0
+275:0,0,0,0,1
+276:1,0,0,0,0
+277:0,1,0,0,0
+278:0,0,1,0,0
+279:0,0,0,1,0
+280:0,0,0,0,1
+281:1,0,0,0,0
+282:0,1,0,0,0
+283:0,0,1,0,0
+284:0,0,0,1,0
+285:0,0,0,0,1
+286:1,0,0,0,0
+287:0,1,0,0,0
+288:0,0,1,0,0
+289:0,0,0,1,0
+290:0,0,0,0,1
+291:1,0,0,0,0
+292:0,1,0,0,0
+293:0,0,1,0,0
+294:0,0,0,1,0
+295:0,0,0,0,1
+296:1,0,0,0,0
+297:0,1,0,0,0
+298:0,0,1,0,0
+299:0,0,0,1,0
+300:0,0,0,0,1
+301:1,0,0,0,0
+302:0,1,0,0,0
+303:0,0,1,0,0
+304:0,0,0,1,0
+305:0,0,0,0,1
+306:0,0,0,1,0
+307:0,0,0,0,1
+308:1,0,0,0,0
+309:0,1,0,0,0
+310:0,0,1,0,0
+311:0,0,0,1,0
+312:0,0,0,0,1
+313:1,0,0,0,0
+314:0,1,0,0,0
+315:0,0,1,0,0
+316:0,0,0,1,0
+317:0,0,0,0,1
+318:1,0,0,0,0
+319:0,1,0,0,0
+320:0,0,1,0,0
+321:0,0,0,1,0
+322:0,0,0,0,1
+323:1,0,0,0,0
+324:0,1,0,0,0
+325:0,0,1,0,0
+326:0,0,0,1,0
+327:0,0,0,0,1
+328:1,0,0,0,0
+329:0,1,0,0,0
+330:0,0,1,0,0
+331:0,0,0,1,0
+332:0,0,0,0,1
+333:1,0,0,0,0
+334:0,1,0,0,0
+335:0,0,1,0,0
+336:0,0,0,1,0
+337:0,0,0,0,1
+338:1,0,0,0,0
+339:0,1,0,0,0
+340:1,0,0,0,0
+341:0,1,0,0,0
+342:0,0,1,0,0
+343:0,0,0,1,0
+344:0,0,0,0,1
+345:1,0,0,0,0
+346:0,1,0,0,0
+347:0,0,1,0,0
+348:0,0,0,1,0
+349:0,0,0,0,1
+350:1,0,0,0,0
+351:0,1,0,0,0
+352:0,0,1,0,0
+353:0,0,0,1,0
+354:0,0,0,0,1
+355:1,0,0,0,0
+356:0,1,0,0,0
+357:0,0,1,0,0
+358:0,0,0,1,0
+359:0,0,0,0,1
+360:1,0,0,0,0
+361:0,1,0,0,0
+362:0,0,1,0,0
+363:0,0,0,1,0
+364:0,0,0,0,1
+365:1,0,0,0,0
+366:0,1,0,0,0
+367:0,0,1,0,0
+368:0,0,0,1,0
+369:0,0,0,0,1
+370:1,0,0,0,0
+371:0,1,0,0,0
+372:0,0,1,0,0
+373:0,0,0,1,0
+374:0,0,1,0,0
+375:0,0,0,1,0
+376:0,0,0,0,1
+377:1,0,0,0,0
+378:0,1,0,0,0
+379:0,0,1,0,0
+380:0,0,0,1,0
+381:0,0,0,0,1
+382:1,0,0,0,0
+383:0,1,0,0,0
+384:0,0,1,0,0
+385:0,0,0,1,0
+386:0,0,0,0,1
+387:1,0,0,0,0
+388:0,1,0,0,0
+389:0,0,1,0,0
+390:0,0,0,1,0
+391:0,0,0,0,1
+392:1,0,0,0,0
+393:0,1,0,0,0
+394:0,0,1,0,0
+395:0,0,0,1,0
+396:0,0,0,0,1
+397:1,0,0,0,0
+398:0,1,0,0,0
+399:0,0,1,0,0
+400:0,0,0,1,0
+401:0,0,0,0,1
+402:1,0,0,0,0
+403:0,1,0,0,0
+404:0,0,1,0,0
+405:0,0,0,1,0
+406:0,0,0,0,1
+407:1,0,0,0,0
+408:0,0,0,0,1
+409:1,0,0,0,0
+410:0,1,0,0,0
+411:0,0,1,0,0
+412:0,0,0,1,0
+413:0,0,0,0,1
+414:1,0,0,0,0
+415:0,1,0,0,0
+416:0,0,1,0,0
+417:0,0,0,1,0
+418:0,0,0,0,1
+419:1,0,0,0,0
+420:0,1,0,0,0
+421:0,0,1,0,0
+422:0,0,0,1,0
+423:0,0,0,0,1
+424:1,0,0,0,0
+425:0,1,0,0,0
+426:0,0,1,0,0
+427:0,0,0,1,0
+428:0,0,0,0,1
+429:1,0,0,0,0
+430:0,1,0,0,0
+431:0,0,1,0,0
+432:0,0,0,1,0
+433:0,0,0,0,1
+434:1,0,0,0,0
+435:0,1,0,0,0
+436:0,0,1,0,0
+437:0,0,0,1,0
+438:0,0,0,0,1
+439:1,0,0,0,0
+440:0,1,0,0,0
+441:0,0,1,0,0
+442:0,1,0,0,0
+443:0,0,1,0,0
+444:0,0,0,1,0
+445:0,0,0,0,1
+446:1,0,0,0,0
+447:0,1,0,0,0
+448:0,0,1,0,0
+449:0,0,0,1,0
+450:0,0,0,0,1
+451:1,0,0,0,0
+452:0,1,0,0,0
+453:0,0,1,0,0
+454:0,0,0,1,0
+455:0,0,0,0,1
+456:1,0,0,0,0
+457:0,1,0,0,0
+458:0,0,1,0,0
+459:0,0,0,1,0
+460:0,0,0,0,1
+461:1,0,0,0,0
+462:0,1,0,0,0
+463:0,0,1,0,0
+464:0,0,0,1,0
+465:0,0,0,0,1
+466:1,0,0,0,0
+467:0,1,0,0,0
+468:0,0,1,0,0
+469:0,0,0,1,0
+470:0,0,0,0,1
+471:1,0,0,0,0
+472:0,1,0,0,0
+473:0,0,1,0,0
+474:0,0,0,1,0
+475:0,0,0,0,1
+476:0,0,0,1,0
+477:0,0,0,0,1
+478:1,0,0,0,0
+479:0,1,0,0,0
+480:0,0,1,0,0
+481:0,0,0,1,0
+482:0,0,0,0,1
+483:1,0,0,0,0
+484:0,1,0,0,0
+485:0,0,1,0,0
+486:0,0,0,1,0
+487:0,0,0,0,1
+488:1,0,0,0,0
+489:0,1,0,0,0
+490:0,0,1,0,0
+491:0,0,0,1,0
+492:0,0,0,0,1
+493:1,0,0,0,0
+494:0,1,0,0,0
+495:0,0,1,0,0
+496:0,0,0,1,0
+497:0,0,0,0,1
+498:1,0,0,0,0
+499:0,1,0,0,0
+500:0,0,1,0,0
+501:0,0,0,1,0
+502:0,0,0,0,1
+503:1,0,0,0,0
+504:0,1,0,0,0
+505:0,0,1,0,0
+506:0,0,0,1,0
+507:0,0,0,0,1
+508:1,0,0,0,0
+509:0,1,0,0,0
+510:1,0,0,0,0
+511:0,1,0,0,0
+512:0,0,1,0,0
+513:0,0,0,1,0
+514:0,0,0,0,1
+515:1,0,0,0,0
+516:0,1,0,0,0
+517:0,0,1,0,0
+518:0,0,0,1,0
+519:0,0,0,0,1
+520:1,0,0,0,0
+521:0,1,0,0,0
+522:0,0,1,0,0
+523:0,0,0,1,0
+524:0,0,0,0,1
+525:1,0,0,0,0
+526:0,1,0,0,0
+527:0,0,1,0,0
+528:0,0,0,1,0
+529:0,0,0,0,1
+530:1,0,0,0,0
+531:0,1,0,0,0
+532:0,0,1,0,0
+533:0,0,0,1,0
+534:0,0,0,0,1
+535:1,0,0,0,0
+536:0,1,0,0,0
+537:0,0,1,0,0
+538:0,0,0,1,0
+539:0,0,0,0,1
+540:1,0,0,0,0
+541:0,1,0,0,0
+542:0,0,1,0,0
+543:0,0,0,1,0
+544:0,0,1,0,0
+545:0,0,0,1,0
+546:0,0,0,0,1
+547:1,0,0,0,0
+548:0,1,0,0,0
+549:0,0,1,0,0
+550:0,0,0,1,0
+551:0,0,0,0,1
+552:1,0,0,0,0
+553:0,1,0,0,0
+554:0,0,1,0,0
+555:0,0,0,1,0
+556:0,0,0,0,1
+557:1,0,0,0,0
+558:0,1,0,0,0
+559:0,0,1,0,0
+560:0,0,0,1,0
+561:0,0,0,0,1
+562:1,0,0,0,0
+563:0,1,0,0,0
+564:0,0,1,0,0
+565:0,0,0,1,0
+566:0,0,0,0,1
+567:1,0,0,0,0
+568:0,1,0,0,0
+569:0,0,1,0,0
+570:0,0,0,1,0
+571:0,0,0,0,1
+572:1,0,0,0,0
+573:0,1,0,0,0
+574:0,0,1,0,0
+575:0,0,0,1,0
+576:0,0,0,0,1
+577:1,0,0,0,0
+578:0,0,0,0,1
+579:1,0,0,0,0
+580:0,1,0,0,0
+581:0,0,1,0,0
+582:0,0,0,1,0
+583:0,0,0,0,1
+584:1,0,0,0,0
+585:0,1,0,0,0
+586:0,0,1,0,0
+587:0,0,0,1,0
+588:0,0,0,0,1
+589:1,0,0,0,0
+590:0,1,0,0,0
+591:0,0,1,0,0
+592:0,0,0,1,0
+593:0,0,0,0,1
+594:1,0,0,0,0
+595:0,1,0,0,0
+596:0,0,1,0,0
+597:0,0,0,1,0
+598:0,0,0,0,1
+599:1,0,0,0,0
+600:0,1,0,0,0
+601:0,0,1,0,0
+602:0,0,0,1,0
+603:0,0,0,0,1
+604:1,0,0,0,0
+605:0,1,0,0,0
+606:0,0,1,0,0
+607:0,0,0,1,0
+608:0,0,0,0,1
+609:1,0,0,0,0
+610:0,1,0,0,0
+611:0,0,1,0,0
+612:0,1,0,0,0
+613:0,0,1,0,0
+614:0,0,0,1,0
+615:0,0,0,0,1
+616:1,0,0,0,0
+617:0,1,0,0,0
+618:0,0,1,0,0
+619:0,0,0,1,0
+620:0,0,0,0,1
+621:1,0,0,0,0
+622:0,1,0,0,0
+623:0,0,1,0,0
+624:0,0,0,1,0
+625:0,0,0,0,1
+626:1,0,0,0,0
+627:0,1,0,0,0
+628:0,0,1,0,0
+629:0,0,0,1,0
+630:0,0,0,0,1
+631:1,0,0,0,0
+632:0,1,0,0,0
+633:0,0,1,0,0
+634:0,0,0,1,0
+635:0,0,0,0,1
+636:1,0,0,0,0
+637:0,1,0,0,0
+638:0,0,1,0,0
+639:0,0,0,1,0
+640:0,0,0,0,1
+641:1,0,0,0,0
+642:0,1,0,0,0
+643:0,0,1,0,0
+644:0,0,0,1,0
+645:0,0,0,0,1
+646:0,0,0,1,0
+647:0,0,0,0,1
+648:1,0,0,0,0
+649:0,1,0,0,0
+650:0,0,1,0,0
+651:0,0,0,1,0
+652:0,0,0,0,1
+653:1,0,0,0,0
+654:0,1,0,0,0
+655:0,0,1,0,0
+656:0,0,0,1,0
+657:0,0,0,0,1
+658:1,0,0,0,0
+659:0,1,0,0,0
+660:0,0,1,0,0
+661:0,0,0,1,0
+662:0,0,0,0,1
+663:1,0,0,0,0
+664:0,1,0,0,0
+665:0,0,1,0,0
+666:0,0,0,1,0
+667:0,0,0,0,1
+668:1,0,0,0,0
+669:0,1,0,0,0
+670:0,0,1,0,0
+671:0,0,0,1,0
+672:0,0,0,0,1
+673:1,0,0,0,0
+674:0,1,0,0,0
+675:0,0,1,0,0
+676:0,0,0,1,0
+677:0,0,0,0,1
+678:1,0,0,0,0
+679:0,1,0,0,0
+680:1,0,0,0,0
+681:0,1,0,0,0
+682:0,0,1,0,0
+683:0,0,0,1,0
+684:0,0,0,0,1
+685:1,0,0,0,0
+686:0,1,0,0,0
+687:0,0,1,0,0
+688:0,0,0,1,0
+689:0,0,0,0,1
+690:1,0,0,0,0
+691:0,1,0,0,0
+692:0,0,1,0,0
+693:0,0,0,1,0
+694:0,0,0,0,1
+695:1,0,0,0,0
+696:0,1,0,0,0
+697:0,0,1,0,0
+698:0,0,0,1,0
+699:0,0,0,0,1
+700:1,0,0,0,0
+701:0,1,0,0,0
+702:0,0,1,0,0
+703:0,0,0,1,0
+704:0,0,0,0,1
+705:1,0,0,0,0
+706:0,1,0,0,0
+707:0,0,1,0,0
+708:0,0,0,1,0
+709:0,0,0,0,1
+710:1,0,0,0,0
+711:0,1,0,0,0
+712:0,0,1,0,0
+713:0,0,0,1,0
+714:0,0,1,0,0
+715:0,0,0,1,0
+716:0,0,0,0,1
+717:1,0,0,0,0
+718:0,1,0,0,0
+719:0,0,1,0,0
+720:0,0,0,1,0
+721:0,0,0,0,1
+722:1,0,0,0,0
+723:0,1,0,0,0
+724:0,0,1,0,0
+725:0,0,0,1,0
+726:0,0,0,0,1
+727:1,0,0,0,0
+728:0,1,0,0,0
+729:0,0,1,0,0
+730:0,0,0,1,0
+731:0,0,0,0,1
+732:1,0,0,0,0
+733:0,1,0,0,0
+734:0,0,1,0,0
+735:0,0,0,1,0
+736:0,0,0,0,1
+737:1,0,0,0,0
+738:0,1,0,0,0
+739:0,0,1,0,0
+740:0,0,0,1,0
+741:0,0,0,0,1
+742:1,0,0,0,0
+743:0,1,0,0,0
+744:0,0,1,0,0
+745:0,0,0,1,0
+746:0,0,0,0,1
+747:1,0,0,0,0
+748:0,0,0,0,1
+749:1,0,0,0,0
+750:0,1,0,0,0
+751:0,0,1,0,0
+752:0,0,0,1,0
+753:0,0,0,0,1
+754:1,0,0,0,0
+755:0,1,0,0,0
+756:0,0,1,0,0
+757:0,0,0,1,0
+758:0,0,0,0,1
+759:1,0,0,0,0
+760:0,1,0,0,0
+761:0,0,1,0,0
+762:0,0,0,1,0
+763:0,0,0,0,1
+764:1,0,0,0,0
+765:0,1,0,0,0
+766:0,0,1,0,0
+767:0,0,0,1,0
+768:0,0,0,0,1
+769:1,0,0,0,0
+770:0,1,0,0,0
+771:0,0,1,0,0
+772:0,0,0,1,0
+773:0,0,0,0,1
+774:1,0,0,0,0
+775:0,1,0,0,0
+776:0,0,1,0,0
+777:0,0,0,1,0
+778:0,0,0,0,1
+779:1,0,0,0,0
+780:0,1,0,0,0
+781:0,0,1,0,0
+782:0,1,0,0,0
+783:0,0,1,0,0
+784:0,0,0,1,0
+785:0,0,0,0,1
+786:1,0,0,0,0
+787:0,1,0,0,0
+788:0,0,1,0,0
+789:0,0,0,1,0
+790:0,0,0,0,1
+791:1,0,0,0,0
+792:0,1,0,0,0
+793:0,0,1,0,0
+794:0,0,0,1,0
+795:0,0,0,0,1
+796:1,0,0,0,0
+797:0,1,0,0,0
+798:0,0,1,0,0
+799:0,0,0,1,0
+800:0,0,0,0,1
+801:1,0,0,0,0
+802:0,1,0,0,0
+803:0,0,1,0,0
+804:0,0,0,1,0
+805:0,0,0,0,1
+806:1,0,0,0,0
+807:0,1,0,0,0
+808:0,0,1,0,0
+809:0,0,0,1,0
+810:0,0,0,0,1
+811:1,0,0,0,0
+812:0,1,0,0,0
+813:0,0,1,0,0
+814:0,0,0,1,0
+815:0,0,0,0,1
+816:0,0,0,1,0
+817:0,0,0,0,1
+818:1,0,0,0,0
+819:0,1,0,0,0
+820:0,0,1,0,0
+821:0,0,0,1,0
+822:0,0,0,0,1
+823:1,0,0,0,0
+824:0,1,0,0,0
+825:0,0,1,0,0
+826:0,0,0,1,0
+827:0,0,0,0,1
+828:1,0,0,0,0
+829:0,1,0,0,0
+830:0,0,1,0,0
+831:0,0,0,1,0
+832:0,0,0,0,1
+833:1,0,0,0,0
+834:0,1,0,0,0
+835:0,0,1,0,0
+836:0,0,0,1,0
+837:0,0,0,0,1
+838:1,0,0,0,0
+839:0,1,0,0,0
+840:0,0,1,0,0
+841:0,0,0,1,0
+842:0,0,0,0,1
+843:1,0,0,0,0
+844:0,1,0,0,0
+845:0,0,1,0,0
+846:0,0,0,1,0
+847:0,0,0,0,1
+848:1,0,0,0,0
+849:0,1,0,0,0
+850:1,0,0,0,0
+851:0,1,0,0,0
+852:0,0,1,0,0
+853:0,0,0,1,0
+854:0,0,0,0,1
+855:1,0,0,0,0
+856:0,1,0,0,0
+857:0,0,1,0,0
+858:0,0,0,1,0
+859:0,0,0,0,1
+860:1,0,0,0,0
+861:0,1,0,0,0
+862:0,0,1,0,0
+863:0,0,0,1,0
+864:0,0,0,0,1
+865:1,0,0,0,0
+866:0,1,0,0,0
+867:0,0,1,0,0
+868:0,0,0,1,0
+869:0,0,0,0,1
+870:1,0,0,0,0
+871:0,1,0,0,0
+872:0,0,1,0,0
+873:0,0,0,1,0
+874:0,0,0,0,1
+875:1,0,0,0,0
+876:0,1,0,0,0
+877:0,0,1,0,0
+878:0,0,0,1,0
+879:0,0,0,0,1
+880:1,0,0,0,0
+881:0,1,0,0,0
+882:0,0,1,0,0
+883:0,0,0,1,0
+884:0,0,1,0,0
+885:0,0,0,1,0
+886:0,0,0,0,1
+887:1,0,0,0,0
+888:0,1,0,0,0
+889:0,0,1,0,0
+890:0,0,0,1,0
+891:0,0,0,0,1
+892:1,0,0,0,0
+893:0,1,0,0,0
+894:0,0,1,0,0
+895:0,0,0,1,0
+896:0,0,0,0,1
+897:1,0,0,0,0
+898:0,1,0,0,0
+899:0,0,1,0,0
+900:0,0,0,1,0
+901:0,0,0,0,1
+902:1,0,0,0,0
+903:0,1,0,0,0
+904:0,0,1,0,0
+905:0,0,0,1,0
+906:0,0,0,0,1
+907:1,0,0,0,0
+908:0,1,0,0,0
+909:0,0,1,0,0
+910:0,0,0,1,0
+911:0,0,0,0,1
+912:1,0,0,0,0
+913:0,1,0,0,0
+914:0,0,1,0,0
+915:0,0,0,1,0
+916:0,0,0,0,1
+917:1,0,0,0,0
+918:0,0,0,0,1
+919:1,0,0,0,0
+920:0,1,0,0,0
+921:0,0,1,0,0
+922:0,0,0,1,0
+923:0,0,0,0,1
+924:1,0,0,0,0
+925:0,1,0,0,0
+926:0,0,1,0,0
+927:0,0,0,1,0
+928:0,0,0,0,1
+929:1,0,0,0,0
+930:0,1,0,0,0
+931:0,0,1,0,0
+932:0,0,0,1,0
+933:0,0,0,0,1
+934:1,0,0,0,0
+935:0,1,0,0,0
+936:0,0,1,0,0
+937:0,0,0,1,0
+938:0,0,0,0,1
+939:1,0,0,0,0
+940:0,1,0,0,0
+941:0,0,1,0,0
+942:0,0,0,1,0
+943:0,0,0,0,1
+944:1,0,0,0,0
+945:0,1,0,0,0
+946:0,0,1,0,0
+947:0,0,0,1,0
+948:0,0,0,0,1
+949:1,0,0,0,0
+950:0,1,0,0,0
+951:0,0,1,0,0
+952:0,1,0,0,0
+953:0,0,1,0,0
+954:0,0,0,1,0
+955:0,0,0,0,1
+956:1,0,0,0,0
+957:0,1,0,0,0
+958:0,0,1,0,0
+959:0,0,0,1,0
+960:0,0,0,0,1
+961:1,0,0,0,0
+962:0,1,0,0,0
+963:0,0,1,0,0
+964:0,0,0,1,0
+965:0,0,0,0,1
+966:1,0,0,0,0
+967:0,1,0,0,0
+968:0,0,1,0,0
+969:0,0,0,1,0
+970:0,0,0,0,1
+971:1,0,0,0,0
+972:0,1,0,0,0
+973:0,0,1,0,0
+974:0,0,0,1,0
+975:0,0,0,0,1
+976:1,0,0,0,0
+977:0,1,0,0,0
+978:0,0,1,0,0
+979:0,0,0,1,0
+980:0,0,0,0,1
+981:1,0,0,0,0
+982:0,1,0,0,0
+983:0,0,1,0,0
+984:0,0,0,1,0
+985:0,0,0,0,1
+986:0,0,0,1,0
+987:0,0,0,0,1
+988:1,0,0,0,0
+989:0,1,0,0,0
+990:0,0,1,0,0
+991:0,0,0,1,0
+992:0,0,0,0,1
+993:1,0,0,0,0
+994:0,1,0,0,0
+995:0,0,1,0,0
+996:0,0,0,1,0
+997:0,0,0,0,1
+998:1,0,0,0,0
+999:0,1,0,0,0
+1000:0,0,1,0,0
+1001:0,0,0,1,0
+1002:0,0,0,0,1
+1003:1,0,0,0,0
+1004:0,1,0,0,0
+1005:0,0,1,0,0
+1006:0,0,0,1,0
+1007:0,0,0,0,1
+1008:1,0,0,0,0
+1009:0,1,0,0,0
+1010:0,0,1,0,0
+1011:0,0,0,1,0
+1012:0,0,0,0,1
+1013:1,0,0,0,0
+1014:0,1,0,0,0
+1015:0,0,1,0,0
+1016:0,0,0,1,0
+1017:0,0,0,0,1
+1018:1,0,0,0,0
+1019:0,1,0,0,0
+1020:1,0,0,0,0
+1021:0,1,0,0,0
+1022:0,0,1,0,0
+1023:0,0,0,1,0
+1024:0,0,0,0,1
+1025:1,0,0,0,0
+1026:0,1,0,0,0
+1027:0,0,1,0,0
+1028:0,0,0,1,0
+1029:0,0,0,0,1
+1030:1,0,0,0,0
+1031:0,1,0,0,0
+1032:0,0,1,0,0
+1033:0,0,0,1,0
+1034:0,0,0,0,1
+1035:1,0,0,0,0
+1036:0,1,0,0,0
+1037:0,0,1,0,0
+1038:0,0,0,1,0
+1039:0,0,0,0,1
+1040:1,0,0,0,0
+1041:0,1,0,0,0
+1042:0,0,1,0,0
+1043:0,0,0,1,0
+1044:0,0,0,0,1
+1045:1,0,0,0,0
+1046:0,1,0,0,0
+1047:0,0,1,0,0
+1048:0,0,0,1,0
+1049:0,0,0,0,1
+1050:1,0,0,0,0
+1051:0,1,0,0,0
+1052:0,0,1,0,0
+1053:0,0,0,1,0
+1054:0,0,1,0,0
+1055:0,0,0,1,0
+1056:0,0,0,0,1
+1057:1,0,0,0,0
+1058:0,1,0,0,0
+1059:0,0,1,0,0
+1060:0,0,0,1,0
+1061:0,0,0,0,1
+1062:1,0,0,0,0
+1063:0,1,0,0,0
+1064:0,0,1,0,0
+1065:0,0,0,1,0
+1066:0,0,0,0,1
+1067:1,0,0,0,0
+1068:0,1,0,0,0
+1069:0,0,1,0,0
+1070:0,0,0,1,0
+1071:0,0,0,0,1
+1072:1,0,0,0,0
+1073:0,1,0,0,0
+1074:0,0,1,0,0
+1075:0,0,0,1,0
+1076:0,0,0,0,1
+1077:1,0,0,0,0
+1078:0,1,0,0,0
+1079:0,0,1,0,0
+1080:0,0,0,1,0
+1081:0,0,0,0,1
+1082:1,0,0,0,0
+1083:0,1,0,0,0
+1084:0,0,1,0,0
+1085:0,0,0,1,0
+1086:0,0,0,0,1
+1087:1,0,0,0,0
+1088:0,0,0,0,1
+1089:1,0,0,0,0
+1090:0,1,0,0,0
+1091:0,0,1,0,0
+1092:0,0,0,1,0
+1093:0,0,0,0,1
+1094:1,0,0,0,0
+1095:0,1,0,0,0
+1096:0,0,1,0,0
+1097:0,0,0,1,0
+1098:0,0,0,0,1
+1099:1,0,0,0,0
+1100:0,1,0,0,0
+1101:0,0,1,0,0
+1102:0,0,0,1,0
+1103:0,0,0,0,1
+1104:1,0,0,0,0
+1105:0,1,0,0,0
+1106:0,0,1,0,0
+1107:0,0,0,1,0
+1108:0,0,0,0,1
+1109:1,0,0,0,0
+1110:0,1,0,0,0
+1111:0,0,1,0,0
+1112:0,0,0,1,0
+1113:0,0,0,0,1
+1114:1,0,0,0,0
+1115:0,1,0,0,0
+1116:0,0,1,0,0
+1117:0,0,0,1,0
+1118:0,0,0,0,1
+1119:1,0,0,0,0
+1120:0,1,0,0,0
+1121:0,0,1,0,0
+1122:0,1,0,0,0
+1123:0,0,1,0,0
+1124:0,0,0,1,0
+1125:0,0,0,0,1
+1126:1,0,0,0,0
+1127:0,1,0,0,0
+1128:0,0,1,0,0
+1129:0,0,0,1,0
+1130:0,0,0,0,1
+1131:1,0,0,0,0
+1132:0,1,0,0,0
+1133:0,0,1,0,0
+1134:0,0,0,1,0
+1135:0,0,0,0,1
+1136:1,0,0,0,0
+1137:0,1,0,0,0
+1138:0,0,1,0,0
+1139:0,0,0,1,0
+1140:0,0,0,0,1
+1141:1,0,0,0,0
+1142:0,1,0,0,0
+1143:0,0,1,0,0
+1144:0,0,0,1,0
+1145:0,0,0,0,1
+1146:1,0,0,0,0
+1147:0,1,0,0,0
+1148:0,0,1,0,0
+1149:0,0,0,1,0
+1150:0,0,0,0,1
+1151:1,0,0,0,0
+1152:0,1,0,0,0
+1153:0,0,1,0,0
+1154:0,0,0,1,0
+1155:0,0,0,0,1
