+0:1,0,0,0,0
+1:0,1,0,0,0
+2:0,0,1,0,0
+3:0,0,0,1,0
+4:0,0,0,0,1
+5:1,0,0,0,0
+6:0,1,0,0,0
+7:0,0,1,0,0
+8:0,0,0,1,0
+9:0,0,0,0,1
+10:1,0,0,0,0
+11:0,1,0,0,0
+12:0,0,1,0,0
+13:0,0,0,1,0
+14:0,0,0,0,1
+15:1,0,0,0,0
+16:0,1,0,0,0
+17:0,0,1,0,0
+18:0,0,0,1,0
+19:0,0,0,0,1
+20:1,0,0,0,0
+21:0,0,1,0,0
+22:0,0,0,1,0
+23:0,0,0,0,1
+24:1,0,0,0,0
+25:0,1,0,0,0
+26:0,0,1,0,0
+27:0,0,0,1,0
+28:0,0,0,0,1
+29:1,0,0,0,0
+30:0,1,0,0,0
+31:0,0,1,0,0
+32:0,0,0,1,0
+33:0,0,0,0,1
+34:1,0,0,0,0
+35:0,1,0,0,0
+36:0,0,1,0,0
+37:0,0,0,1,0
+38:0,0,0,0,1
+39:1,0,0,0,0
+40:0,1,0,0,0
+41:0,0,1,0,0
+42:0,0,0,0,1
+43:1,0,0,0,0
+44:0,1,0,0,0
+45:0,0,1,0,0
+46:0,0,0,1,0
+47:0,0,0,0,1
+48:1,0,0,0,0
+49:0,1,0,0,0
+50:0,0,1,0,0
+51:0,0,0,1,0
+52:0,0,0,0,1
+53:1,0,0,0,0
+54:0,1,0,0,0
+55:0,0,1,0,0
+56:0,0,0,1,0
+57:0,0,0,0,1
+58:1,0,0,0,0
+59:0,1,0,0,0
+60:0,0,1,0,0
+61:0,0,0,1,0
+62:0,0,0,0,1
+63:0,1,0,0,0
+64:0,0,1,0,0
+65:0,0,0,1,0
+66:0,0,0,0,1
+67:1,0,0,0,0
+68:0,1,0,0,0
+69:0,0,1,0,0
+70:0,0,0,1,0
+71:0,0,0,0,1
+72:1,0,0,0,0
+73:0,1,0,0,0
+74:0,0,1,0,0
+75:0,0,0,1,0
+76:0,0,0,0,1
+77:1,0,0,0,0
+78:0,1,0,0,0
+79:0,0,1,0,0
+80:0,0,0,1,0
+81:0,0,0,0,1
+82:1,0,0,0,0
+83:0,1,0,0,0
+84:0,0,0,1,0
+85:0,0,0,0,1
+86:1,0,0,0,0
+87:0,1,0,0,0
+88:0,0,1,0,0
+89:0,0,0,1,0
+90:0,0,0,0,1
+91:1,0,0,0,0
+92:0,1,0,0,0
+93:0,0,1,0,0
+94:0,0,0,1,0
+95:0,0,0,0,1
+96:1,0,0,0,0
+97:0,1,0,0,0
+98:0,0,1,0,0
+99:0,0,0,1,0
+100:0,0,0,0,1
+101:1,0,0,0,0
+102:0,1,0,0,0
+103:0,0,1,0,0
+104:0,0,0,1,0
+105:1,0,0,0,0
+106:0,1,0,0,0
+107:0,0,1,0,0
+108:0,0,0,1,0
+109:0,0,0,0,1
+110:1,0,0,0,0
+111:0,1,0,0,0
+112:0,0,1,0,0
+113:0,0,0,1,0
+114:0,0,0,0,1
+115:1,0,0,0,0
+116:0,1,0,0,0
+117:0,0,1,0,0
+118:0,0,0,1,0
+119:0,0,0,0,1
+120:1,0,0,0,0
+121:0,1,0,0,0
+122:0,0,1,0,0
+123:0,0,0,1,0
+124:0,0,0,0,1
+125:1,0,0,0,0
+126:0,0,1,0,0
+127:0,0,0,1,0
+128:0,0,0,0,1
+129:1,0,0,0,0
+130:0,1,0,0,0
+131:0,0,1,0,0
+132:0,0,0,1,0
+133:0,0,0,0,1
+134:1,0,0,0,0
+135:0,1,0,0,0
+136:0,0,1,0,0
+137:0,0,0,1,0
+138:0,0,0,0,1
+139:1,0,0,0,0
+140:0,1,0,0,0
+141:0,0,1,0,0
+142:0,0,0,1,0
+143:0,0,0,0,1
+144:1,0,0,0,0
+145:0,1,0,0,0
+146:0,0,1,0,0
+147:0,0,0,0,1
+148:1,0,0,0,0
+149:0,1,0,0,0
+150:0,0,1,0,0
+151:0,0,0,1,0
+152:0,0,0,0,1
+153:1,0,0,0,0
+154:0,1,0,0,0
+155:0,0,1,0,0
+156:0,0,0,1,0
+157:0,0,0,0,1
+158:1,0,0,0,0
+159:0,1,0,0,0
+160:0,0,1,0,0
+161:0,0,0,1,0
+162:0,0,0,0,1
+163:1,0,0,0,0
+164:0,1,0,0,0
+165:0,0,1,0,0
+166:0,0,0,1,0
+167:0,0,0,0,1
+168:0,1,0,0,0
+169:0,0,1,0,0
+170:0,0,0,1,0
+171:0,0,0,0,1
+172:1,0,0,0,0
+173:0,1,0,0,0
+174:0,0,1,0,0
+175:0,0,0,1,0
+176:0,0,0,0,1
+177:1,0,0,0,0
+178:0,1,0,0,0
+179:0,0,1,0,0
+180:0,0,0,1,0
+181:0,0,0,0,1
+182:1,0,0,0,0
+183:0,1,0,0,0
+184:0,0,1,0,0
+185:0,0,0,1,0
+186:0,0,0,0,1
+187:1,0,0,0,0
+188:0,1,0,0,0
+189:0,0,0,1,0
+190:0,0,0,0,1
+191:1,0,0,0,0
+192:0,1,0,0,0
+193:0,0,1,0,0
+194:0,0,0,1,0
+195:0,0,0,0,1
+196:1,0,0,0,0
+197:0,1,0,0,0
+198:0,0,1,0,0
+199:0,0,0,1,0
+200:0,0,0,0,1
+201:1,0,0,0,0
+202:0,1,0,0,0
+203:0,0,1,0,0
+204:0,0,0,1,0
+205:0,0,0,0,1
+206:1,0,0,0,0
+207:0,1,0,0,0
+208:0,0,1,0,0
+209:0,0,0,1,0
+210:1,0,0,0,0
+211:0,1,0,0,0
+212:0,0,1,0,0
+213:0,0,0,1,0
+214:0,0,0,0,1
+215:1,0,0,0,0
+216:0,1,0,0,0
+217:0,0,1,0,0
+218:0,0,0,1,0
+219:0,0,0,0,1
+220:1,0,0,0,0
+221:0,1,0,0,0
+222:0,0,1,0,0
+223:0,0,0,1,0
+224:0,0,0,0,1
+225:1,0,0,0,0
+226:0,1,0,0,0
+227:0,0,1,0,0
+228:0,0,0,1,0
+229:0,0,0,0,1
+230:1,0,0,0,0
+231:0,0,1,0,0
+232:0,0,0,1,0
+233:0,0,0,0,1
+234:1,0,0,0,0
+235:0,1,0,0,0
+236:0,0,1,0,0
+237:0,0,0,1,0
+238:0,0,0,0,1
+239:1,0,0,0,0
+240:0,1,0,0,0
+241:0,0,1,0,0
+242:0,0,0,1,0
+243:0,0,0,0,1
+244:1,0,0,0,0
+245:0,1,0,0,0
+246:0,0,1,0,0
+247:0,0,0,1,0
+248:0,0,0,0,1
+249:1,0,0,0,0
+250:0,1,0,0,0
+251:0,0,1,0,0
+252:0,0,0,0,1
+253:1,0,0,0,0
+254:0,1,0,0,0
+255:0,0,1,0,0
+256:0,0,0,1,0
+257:0,0,0,0,1
+258:1,0,0,0,0
+259:0,1,0,0,0
+260:0,0,1,0,0
+261:0,0,0,1,0
+262:0,0,0,0,1
+263:1,0,0,0,0
+264:0,1,0,0,0
+265:0,0,1,0,0
+266:0,0,0,1,0
+267:0,0,0,0,1
+268:1,0,0,0,0
+269:0,1,0,0,0
+270:0,0,1,0,0
+271:0,0,0,1,0
+272:0,0,0,0,1
+273:0,1,0,0,0
+274:0,0,1,0,0
+275:0,0,0,1,0
+276:0,0,0,0,1
+277:1,0,0,0,0
+278:0,1,0,0,0
+279:0,0,1,0,0
+280:0,0,0,1,0
+281:0,0,0,0,1
+282:1,0,0,0,0
+283:0,1,0,0,0
+284:0,0,1,0,0
+285:0,0,0,1,0
+286:0,0,0,0,1
+287:1,0,0,0,0
+288:0,1,0,0,0
+289:0,0,1,0,0
+290:0,0,0,1,0
+291:0,0,0,0,1
+292:1,0,0,0,0
+293:0,1,0,0,0
+294:0,0,0,1,0
+295:0,0,0,0,1
+296:1,0,0,0,0
+297:0,1,0,0,0
+298:0,0,1,0,0
+299:0,0,0,1,0
+300:0,0,0,0,1
+301:1,0,0,0,0
+302:0,1,0,0,0
+303:0,0,1,0,0
+304:0,0,0,1,0
+305:0,0,0,0,1
+306:1,0,0,0,0
+307:0,1,0,0,0
+308:0,0,1,0,0
+309:0,0,0,1,0
+310:0,0,0,0,1
+311:1,0,0,0,0
+312:0,1,0,0,0
+313:0,0,1,0,0
+314:0,0,0,1,0
+315:1,0,0,0,0
+316:0,1,0,0,0
+317:0,0,1,0,0
+318:0,0,0,1,0
+319:0,0,0,0,1
+320:1,0,0,0,0
+321:0,1,0,0,0
+322:0,0,1,0,0
+323:0,0,0,1,0
+324:0,0,0,0,1
+325:1,0,0,0,0
+326:0,1,0,0,0
+327:0,0,1,0,0
+328:0,0,0,1,0
+329:0,0,0,0,1
+330:1,0,0,0,0
+331:0,1,0,0,0
+332:0,0,1,0,0
+333:0,0,0,1,0
+334:0,0,0,0,1
+335:1,0,0,0,0
+336:0,0,1,0,0
+337:0,0,0,1,0
+338:0,0,0,0,1
+339:1,0,0,0,0
+340:0,1,0,0,0
+341:0,0,1,0,0
+342:0,0,0,1,0
+343:0,0,0,0,1
+344:1,0,0,0,0
+345:0,1,0,0,0
+346:0,0,1,0,0
+347:0,0,0,1,0
+348:0,0,0,0,1
+349:1,0,0,0,0
+350:0,1,0,0,0
+351:0,0,1,0,0
+352:0,0,0,1,0
+353:0,0,0,0,1
+354:1,0,0,0,0
+355:0,1,0,0,0
+356:0,0,1,0,0
+357:0,0,0,0,1
+358:1,0,0,0,0
+359:0,1,0,0,0
+360:0,0,1,0,0
+361:0,0,0,1,0
+362:0,0,0,0,1
+363:1,0,0,0,0
+364:0,1,0,0,0
+365:0,0,1,0,0
+366:0,0,0,1,0
+367:0,0,0,0,1
+368:1,0,0,0,0
+369:0,1,0,0,0
+370:0,0,1,0,0
+371:0,0,0,1,0
+372:0,0,0,0,1
+373:1,0,0,0,0
+374:0,1,0,0,0
+375:0,0,1,0,0
+376:0,0,0,1,0
+377:0,0,0,0,1
+378:0,1,0,0,0
+379:0,0,1,0,0
+380:0,0,0,1,0
+381:0,0,0,0,1
+382:1,0,0,0,0
+383:0,1,0,0,0
+384:0,0,1,0,0
+385:0,0,0,1,0
+386:0,0,0,0,1
+387:1,0,0,0,0
+388:0,1,0,0,0
+389:0,0,1,0,0
+390:0,0,0,1,0
+391:0,0,0,0,1
+392:1,0,0,0,0
+393:0,1,0,0,0
+394:0,0,1,0,0
+395:0,0,0,1,0
+396:0,0,0,0,1
+397:1,0,0,0,0
+398:0,1,0,0,0
+399:0,0,0,1,0
+400:0,0,0,0,1
+401:1,0,0,0,0
+402:0,1,0,0,0
+403:0,0,1,0,0
+404:0,0,0,1,0
+405:0,0,0,0,1
+406:1,0,0,0,0
+407:0,1,0,0,0
+408:0,0,1,0,0
+409:0,0,0,1,0
+410:0,0,0,0,1
+411:1,0,0,0,0
+412:0,1,0,0,0
+413:0,0,1,0,0
+414:0,0,0,1,0
+415:0,0,0,0,1
+416:1,0,0,0,0
+417:0,1,0,0,0
+418:0,0,1,0,0
+419:0,0,0,1,0
+420:1,0,0,0,0
+421:0,1,0,0,0
+422:0,0,1,0,0
+423:0,0,0,1,0
+424:0,0,0,0,1
+425:1,0,0,0,0
+426:0,1,0,0,0
+427:0,0,1,0,0
+428:0,0,0,1,0
+429:0,0,0,0,1
+430:1,0,0,0,0
+431:0,1,0,0,0
+432:0,0,1,0,0
+433:0,0,0,1,0
+434:0,0,0,0,1
+435:1,0,0,0,0
+436:0,1,0,0,0
+437:0,0,1,0,0
+438:0,0,0,1,0
+439:0,0,0,0,1
+440:1,0,0,0,0
