+0:1,0,0,0,0
+1:0,1,0,0,0
+2:0,0,1,0,0
+3:0,0,0,1,0
+4:0,0,0,0,1
+5:1,0,0,0,0
+6:0,1,0,0,0
+7:0,0,1,0,0
+8:0,0,0,1,0
+9:0,0,0,0,1
+10:1,0,0,0,0
+11:0,1,0,0,0
+12:0,0,1,0,0
+13:0,0,0,1,0
+14:0,0,0,0,1
+15:0,0,1,0,0
+16:0,0,0,1,0
+17:0,0,0,0,1
+18:1,0,0,0,0
+19:0,1,0,0,0
+20:0,0,1,0,0
+21:0,0,0,1,0
+22:0,0,0,0,1
+23:1,0,0,0,0
+24:0,1,0,0,0
+25:0,0,1,0,0
+26:0,0,0,1,0
+27:0,0,0,0,1
+28:1,0,0,0,0
+29:0,1,0,0,0
+30:0,0,0,0,1
+31:1,0,0,0,0
+32:0,1,0,0,0
+33:0,0,1,0,0
+34:0,0,0,1,0
+35:0,0,0,0,1
+36:1,0,0,0,0
+37:0,1,0,0,0
+38:0,0,1,0,0
+39:0,0,0,1,0
+40:0,0,0,0,1
+41:1,0,0,0,0
+42:0,1,0,0,0
+43:0,0,1,0,0
+44:0,0,0,1,0
+45:0,1,0,0,0
+46:0,0,1,0,0
+47:0,0,0,1,0
+48:0,0,0,0,1
+49:1,0,0,0,0
+50:0,1,0,0,0
+51:0,0,1,0,0
+52:0,0,0,1,0
+53:0,0,0,0,1
+54:1,0,0,0,0
+55:0,1,0,0,0
+56:0,0,1,0,0
+57:0,0,0,1,0
+58:0,0,0,0,1
+59:1,0,0,0,0
+60:0,0,0,1,0
+61:0,0,0,0,1
+62:1,0,0,0,0
+63:0,1,0,0,0
+64:0,0,1,0,0
+65:0,0,0,1,0
+66:0,0,0,0,1
+67:1,0,0,0,0
+68:0,1,0,0,0
+69:0,0,1,0,0
+70:0,0,0,1,0
+71:0,0,0,0,1
+72:1,0,0,0,0
+73:0,1,0,0,0
+74:0,0,1,0,0
+75:1,0,0,0,0
+76:0,1,0,0,0
+77:0,0,1,0,0
+78:0,0,0,1,0
+79:0,0,0,0,1
+80:1,0,0,0,0
+81:0,1,0,0,0
+82:0,0,1,0,0
+83:0,0,0,1,0
+84:0,0,0,0,1
+85:1,0,0,0,0
+86:0,1,0,0,0
+87:0,0,1,0,0
+88:0,0,0,1,0
+89:0,0,0,0,1
+90:0,0,1,0,0
+91:0,0,0,1,0
+92:0,0,0,0,1
+93:1,0,0,0,0
+94:0,1,0,0,0
+95:0,0,1,0,0
+96:0,0,0,1,0
+97:0,0,0,0,1
+98:1,0,0,0,0
+99:0,1,0,0,0
+100:0,0,1,0,0
+101:0,0,0,1,0
+102:0,0,0,0,1
+103:1,0,0,0,0
+104:0,1,0,0,0
+105:0,0,0,0,1
+106:1,0,0,0,0
+107:0,1,0,0,0
+108:0,0,1,0,0
+109:0,0,0,1,0
+110:0,0,0,0,1
+111:1,0,0,0,0
+112:0,1,0,0,0
+113:0,0,1,0,0
+114:0,0,0,1,0
+115:0,0,0,0,1
+116:1,0,0,0,0
+117:0,1,0,0,0
+118:0,0,1,0,0
+119:0,0,0,1,0
+120:0,1,0,0,0
+121:0,0,1,0,0
+122:0,0,0,1,0
+123:0,0,0,0,1
+124:1,0,0,0,0
+125:0,1,0,0,0
+126:0,0,1,0,0
+127:0,0,0,1,0
+128:0,0,0,0,1
+129:1,0,0,0,0
+130:0,1,0,0,0
+131:0,0,1,0,0
+132:0,0,0,1,0
+133:0,0,0,0,1
+134:1,0,0,0,0
+135:0,0,0,1,0
+136:0,0,0,0,1
+137:1,0,0,0,0
+138:0,1,0,0,0
+139:0,0,1,0,0
+140:0,0,0,1,0
+141:0,0,0,0,1
+142:1,0,0,0,0
+143:0,1,0,0,0
+144:0,0,1,0,0
+145:0,0,0,1,0
+146:0,0,0,0,1
+147:1,0,0,0,0
+148:0,1,0,0,0
+149:0,0,1,0,0
+150:1,0,0,0,0
+151:0,1,0,0,0
+152:0,0,1,0,0
+153:0,0,0,1,0
+154:0,0,0,0,1
+155:1,0,0,0,0
+156:0,1,0,0,0
+157:0,0,1,0,0
+158:0,0,0,1,0
+159:0,0,0,0,1
+160:1,0,0,0,0
+161:0,1,0,0,0
+162:0,0,1,0,0
+163:0,0,0,1,0
+164:0,0,0,0,1
+165:0,0,1,0,0
+166:0,0,0,1,0
+167:0,0,0,0,1
+168:1,0,0,0,0
+169:0,1,0,0,0
+170:0,0,1,0,0
+171:0,0,0,1,0
+172:0,0,0,0,1
+173:1,0,0,0,0
+174:0,1,0,0,0
+175:0,0,1,0,0
+176:0,0,0,1,0
+177:0,0,0,0,1
+178:1,0,0,0,0
+179:0,1,0,0,0
+180:0,0,0,0,1
+181:1,0,0,0,0
+182:0,1,0,0,0
+183:0,0,1,0,0
+184:0,0,0,1,0
+185:0,0,0,0,1
+186:1,0,0,0,0
+187:0,1,0,0,0
+188:0,0,1,0,0
+189:0,0,0,1,0
+190:0,0,0,0,1
+191:1,0,0,0,0
+192:0,1,0,0,0
+193:0,0,1,0,0
+194:0,0,0,1,0
+195:0,1,0,0,0
+196:0,0,1,0,0
+197:0,0,0,1,0
+198:0,0,0,0,1
+199:1,0,0,0,0
+200:0,1,0,0,0
+201:0,0,1,0,0
+202:0,0,0,1,0
+203:0,0,0,0,1
+204:1,0,0,0,0
+205:0,1,0,0,0
+206:0,0,1,0,0
+207:0,0,0,1,0
+208:0,0,0,0,1
+209:1,0,0,0,0
+210:0,0,0,1,0
+211:0,0,0,0,1
+212:1,0,0,0,0
+213:0,1,0,0,0
+214:0,0,1,0,0
+215:0,0,0,1,0
+216:0,0,0,0,1
+217:1,0,0,0,0
+218:0,1,0,0,0
+219:0,0,1,0,0
+220:0,0,0,1,0
+221:0,0,0,0,1
+222:1,0,0,0,0
+223:0,1,0,0,0
+224:0,0,1,0,0
