+0:1,0,0,0,0
+1:0,1,0,0,0
+2:0,0,1,0,0
+3:0,0,0,1,0
+4:0,0,0,0,1
+5:1,0,0,0,0
+6:0,1,0,0,0
+7:0,0,1,0,0
+8:0,0,0,1,0
+9:0,0,0,0,1
+10:1,0,0,0,0
+11:0,1,0,0,0
+12:0,0,1,0,0
+13:0,0,0,1,0
+14:0,0,0,0,1
+15:1,0,0,0,0
+16:0,1,0,0,0
+17:0,0,1,0,0
+18:0,0,0,1,0
+19:0,0,0,0,1
+20:1,0,0,0,0
+21:0,1,0,0,0
+22:0,0,1,0,0
+23:0,0,0,1,0
+24:0,0,0,0,1
+25:1,0,0,0,0
+26:0,1,0,0,0
+27:0,0,1,0,0
+28:0,0,0,1,0
+29:0,0,1,0,0
+30:0,0,0,1,0
+31:0,0,0,0,1
+32:1,0,0,0,0
+33:0,1,0,0,0
+34:0,0,1,0,0
+35:0,0,0,1,0
+36:0,0,0,0,1
+37:1,0,0,0,0
+38:0,1,0,0,0
+39:0,0,1,0,0
+40:0,0,0,1,0
+41:0,0,0,0,1
+42:1,0,0,0,0
+43:0,1,0,0,0
+44:0,0,1,0,0
+45:0,0,0,1,0
+46:0,0,0,0,1
+47:1,0,0,0,0
+48:0,1,0,0,0
+49:0,0,1,0,0
+50:0,0,0,1,0
+51:0,0,0,0,1
+52:1,0,0,0,0
+53:0,1,0,0,0
+54:0,0,1,0,0
+55:0,0,0,1,0
+56:0,0,0,0,1
+57:1,0,0,0,0
+58:0,0,0,0,1
+59:1,0,0,0,0
+60:0,1,0,0,0
+61:0,0,1,0,0
+62:0,0,0,1,0
+63:0,0,0,0,1
+64:1,0,0,0,0
+65:0,1,0,0,0
+66:0,0,1,0,0
+67:0,0,0,1,0
+68:0,0,0,0,1
+69:1,0,0,0,0
+70:0,1,0,0,0
+71:0,0,1,0,0
+72:0,0,0,1,0
+73:0,0,0,0,1
+74:1,0,0,0,0
+75:0,1,0,0,0
+76:0,0,1,0,0
+77:0,0,0,1,0
+78:0,0,0,0,1
+79:1,0,0,0,0
+80:0,1,0,0,0
+81:0,0,1,0,0
+82:0,0,0,1,0
+83:0,0,0,0,1
+84:1,0,0,0,0
+85:0,1,0,0,0
+86:0,0,1,0,0
+87:0,1,0,0,0
+88:0,0,1,0,0
+89:0,0,0,1,0
+90:0,0,0,0,1
+91:1,0,0,0,0
+92:0,1,0,0,0
+93:0,0,1,0,0
+94:0,0,0,1,0
+95:0,0,0,0,1
+96:1,0,0,0,0
+97:0,1,0,0,0
+98:0,0,1,0,0
+99:0,0,0,1,0
+100:0,0,0,0,1
+101:1,0,0,0,0
+102:0,1,0,0,0
+103:0,0,1,0,0
+104:0,0,0,1,0
+105:0,0,0,0,1
+106:1,0,0,0,0
+107:0,1,0,0,0
+108:0,0,1,0,0
+109:0,0,0,1,0
+110:0,0,0,0,1
+111:1,0,0,0,0
+112:0,1,0,0,0
+113:0,0,1,0,0
+114:0,0,0,1,0
+115:0,0,0,0,1
+116:0,0,0,1,0
+117:0,0,0,0,1
+118:1,0,0,0,0
+119:0,1,0,0,0
+120:0,0,1,0,0
+121:0,0,0,1,0
+122:0,0,0,0,1
+123:1,0,0,0,0
+124:0,1,0,0,0
+125:0,0,1,0,0
+126:0,0,0,1,0
+127:0,0,0,0,1
+128:1,0,0,0,0
+129:0,1,0,0,0
+130:0,0,1,0,0
+131:0,0,0,1,0
+132:0,0,0,0,1
+133:1,0,0,0,0
+134:0,1,0,0,0
+135:0,0,1,0,0
+136:0,0,0,1,0
+137:0,0,0,0,1
+138:1,0,0,0,0
+139:0,1,0,0,0
+140:0,0,1,0,0
+141:0,0,0,1,0
+142:0,0,0,0,1
+143:1,0,0,0,0
+144:0,1,0,0,0
+145:1,0,0,0,0
+146:0,1,0,0,0
+147:0,0,1,0,0
+148:0,0,0,1,0
+149:0,0,0,0,1
+150:1,0,0,0,0
+151:0,1,0,0,0
+152:0,0,1,0,0
+153:0,0,0,1,0
+154:0,0,0,0,1
+155:1,0,0,0,0
+156:0,1,0,0,0
+157:0,0,1,0,0
+158:0,0,0,1,0
+159:0,0,0,0,1
+160:1,0,0,0,0
+161:0,1,0,0,0
+162:0,0,1,0,0
+163:0,0,0,1,0
+164:0,0,0,0,1
+165:1,0,0,0,0
+166:0,1,0,0,0
+167:0,0,1,0,0
+168:0,0,0,1,0
+169:0,0,0,0,1
+170:1,0,0,0,0
+171:0,1,0,0,0
+172:0,0,1,0,0
+173:0,0,0,1,0
+174:0,0,1,0,0
+175:0,0,0,1,0
+176:0,0,0,0,1
+177:1,0,0,0,0
+178:0,1,0,0,0
+179:0,0,1,0,0
+180:0,0,0,1,0
+181:0,0,0,0,1
+182:1,0,0,0,0
+183:0,1,0,0,0
+184:0,0,1,0,0
+185:0,0,0,1,0
+186:0,0,0,0,1
+187:1,0,0,0,0
+188:0,1,0,0,0
+189:0,0,1,0,0
+190:0,0,0,1,0
+191:0,0,0,0,1
+192:1,0,0,0,0
+193:0,1,0,0,0
+194:0,0,1,0,0
+195:0,0,0,1,0
+196:0,0,0,0,1
+197:1,0,0,0,0
+198:0,1,0,0,0
+199:0,0,1,0,0
+200:0,0,0,1,0
+201:0,0,0,0,1
+202:1,0,0,0,0
+203:0,0,0,0,1
+204:1,0,0,0,0
+205:0,1,0,0,0
+206:0,0,1,0,0
+207:0,0,0,1,0
+208:0,0,0,0,1
+209:1,0,0,0,0
+210:0,1,0,0,0
+211:0,0,1,0,0
+212:0,0,0,1,0
+213:0,0,0,0,1
+214:1,0,0,0,0
+215:0,1,0,0,0
+216:0,0,1,0,0
+217:0,0,0,1,0
+218:0,0,0,0,1
+219:1,0,0,0,0
+220:0,1,0,0,0
+221:0,0,1,0,0
+222:0,0,0,1,0
+223:0,0,0,0,1
+224:1,0,0,0,0
+225:0,1,0,0,0
+226:0,0,1,0,0
+227:0,0,0,1,0
+228:0,0,0,0,1
+229:1,0,0,0,0
+230:0,1,0,0,0
+231:0,0,1,0,0
+232:0,1,0,0,0
+233:0,0,1,0,0
+234:0,0,0,1,0
+235:0,0,0,0,1
+236:1,0,0,0,0
+237:0,1,0,0,0
+238:0,0,1,0,0
+239:0,0,0,1,0
+240:0,0,0,0,1
+241:1,0,0,0,0
+242:0,1,0,0,0
+243:0,0,1,0,0
+244:0,0,0,1,0
+245:0,0,0,0,1
+246:1,0,0,0,0
+247:0,1,0,0,0
+248:0,0,1,0,0
+249:0,0,0,1,0
+250:0,0,0,0,1
+251:1,0,0,0,0
+252:0,1,0,0,0
+253:0,0,1,0,0
+254:0,0,0,1,0
+255:0,0,0,0,1
+256:1,0,0,0,0
+257:0,1,0,0,0
+258:0,0,1,0,0
+259:0,0,0,1,0
+260:0,0,0,0,1
+261:0,0,0,1,0
+262:0,0,0,0,1
+263:1,0,0,0,0
+264:0,1,0,0,0
+265:0,0,1,0,0
+266:0,0,0,1,0
+267:0,0,0,0,1
+268:1,0,0,0,0
+269:0,1,0,0,0
+270:0,0,1,0,0
+271:0,0,0,1,0
+272:0,0,0,0,1
+273:1,0,0,0,0
+274:0,1,0,0,0
+275:0,0,1,0,0
+276:0,0,0,1,0
+277:0,0,0,0,1
+278:1,0,0,0,0
+279:0,1,0,0,0
+280:0,0,1,0,0
+281:0,0,0,1,0
+282:0,0,0,0,1
+283:1,0,0,0,0
+284:0,1,0,0,0
+285:0,0,1,0,0
+286:0,0,0,1,0
+287:0,0,0,0,1
+288:1,0,0,0,0
+289:0,1,0,0,0
+290:1,0,0,0,0
+291:0,1,0,0,0
+292:0,0,1,0,0
+293:0,0,0,1,0
+294:0,0,0,0,1
+295:1,0,0,0,0
+296:0,1,0,0,0
+297:0,0,1,0,0
+298:0,0,0,1,0
+299:0,0,0,0,1
+300:1,0,0,0,0
+301:0,1,0,0,0
+302:0,0,1,0,0
+303:0,0,0,1,0
+304:0,0,0,0,1
+305:1,0,0,0,0
+306:0,1,0,0,0
+307:0,0,1,0,0
+308:0,0,0,1,0
+309:0,0,0,0,1
+310:1,0,0,0,0
+311:0,1,0,0,0
+312:0,0,1,0,0
+313:0,0,0,1,0
+314:0,0,0,0,1
+315:1,0,0,0,0
+316:0,1,0,0,0
+317:0,0,1,0,0
+318:0,0,0,1,0
+319:0,0,1,0,0
+320:0,0,0,1,0
+321:0,0,0,0,1
+322:1,0,0,0,0
+323:0,1,0,0,0
+324:0,0,1,0,0
+325:0,0,0,1,0
+326:0,0,0,0,1
+327:1,0,0,0,0
+328:0,1,0,0,0
+329:0,0,1,0,0
+330:0,0,0,1,0
+331:0,0,0,0,1
+332:1,0,0,0,0
+333:0,1,0,0,0
+334:0,0,1,0,0
+335:0,0,0,1,0
+336:0,0,0,0,1
+337:1,0,0,0,0
+338:0,1,0,0,0
+339:0,0,1,0,0
+340:0,0,0,1,0
+341:0,0,0,0,1
+342:1,0,0,0,0
+343:0,1,0,0,0
+344:0,0,1,0,0
+345:0,0,0,1,0
+346:0,0,0,0,1
+347:1,0,0,0,0
+348:0,0,0,0,1
+349:1,0,0,0,0
+350:0,1,0,0,0
+351:0,0,1,0,0
+352:0,0,0,1,0
+353:0,0,0,0,1
+354:1,0,0,0,0
+355:0,1,0,0,0
+356:0,0,1,0,0
+357:0,0,0,1,0
+358:0,0,0,0,1
+359:1,0,0,0,0
+360:0,1,0,0,0
+361:0,0,1,0,0
+362:0,0,0,1,0
+363:0,0,0,0,1
+364:1,0,0,0,0
+365:0,1,0,0,0
+366:0,0,1,0,0
+367:0,0,0,1,0
+368:0,0,0,0,1
+369:1,0,0,0,0
+370:0,1,0,0,0
+371:0,0,1,0,0
+372:0,0,0,1,0
+373:0,0,0,0,1
+374:1,0,0,0,0
+375:0,1,0,0,0
+376:0,0,1,0,0
+377:0,1,0,0,0
+378:0,0,1,0,0
+379:0,0,0,1,0
+380:0,0,0,0,1
+381:1,0,0,0,0
+382:0,1,0,0,0
+383:0,0,1,0,0
+384:0,0,0,1,0
+385:0,0,0,0,1
+386:1,0,0,0,0
+387:0,1,0,0,0
+388:0,0,1,0,0
+389:0,0,0,1,0
+390:0,0,0,0,1
+391:1,0,0,0,0
+392:0,1,0,0,0
+393:0,0,1,0,0
+394:0,0,0,1,0
+395:0,0,0,0,1
+396:1,0,0,0,0
+397:0,1,0,0,0
+398:0,0,1,0,0
+399:0,0,0,1,0
+400:0,0,0,0,1
+401:1,0,0,0,0
+402:0,1,0,0,0
+403:0,0,1,0,0
+404:0,0,0,1,0
+405:0,0,0,0,1
+406:0,0,0,1,0
+407:0,0,0,0,1
+408:1,0,0,0,0
+409:0,1,0,0,0
+410:0,0,1,0,0
+411:0,0,0,1,0
+412:0,0,0,0,1
+413:1,0,0,0,0
+414:0,1,0,0,0
+415:0,0,1,0,0
+416:0,0,0,1,0
+417:0,0,0,0,1
+418:1,0,0,0,0
+419:0,1,0,0,0
+420:0,0,1,0,0
+421:0,0,0,1,0
+422:0,0,0,0,1
+423:1,0,0,0,0
+424:0,1,0,0,0
+425:0,0,1,0,0
+426:0,0,0,1,0
+427:0,0,0,0,1
+428:1,0,0,0,0
+429:0,1,0,0,0
+430:0,0,1,0,0
+431:0,0,0,1,0
+432:0,0,0,0,1
+433:1,0,0,0,0
+434:0,1,0,0,0
+435:1,0,0,0,0
+436:0,1,0,0,0
+437:0,0,1,0,0
+438:0,0,0,1,0
+439:0,0,0,0,1
+440:1,0,0,0,0
+441:0,1,0,0,0
+442:0,0,1,0,0
+443:0,0,0,1,0
+444:0,0,0,0,1
+445:1,0,0,0,0
+446:0,1,0,0,0
+447:0,0,1,0,0
+448:0,0,0,1,0
+449:0,0,0,0,1
+450:1,0,0,0,0
+451:0,1,0,0,0
+452:0,0,1,0,0
+453:0,0,0,1,0
+454:0,0,0,0,1
+455:1,0,0,0,0
+456:0,1,0,0,0
+457:0,0,1,0,0
+458:0,0,0,1,0
+459:0,0,0,0,1
+460:1,0,0,0,0
+461:0,1,0,0,0
+462:0,0,1,0,0
+463:0,0,0,1,0
+464:0,0,1,0,0
+465:0,0,0,1,0
+466:0,0,0,0,1
+467:1,0,0,0,0
+468:0,1,0,0,0
+469:0,0,1,0,0
+470:0,0,0,1,0
+471:0,0,0,0,1
+472:1,0,0,0,0
+473:0,1,0,0,0
+474:0,0,1,0,0
+475:0,0,0,1,0
+476:0,0,0,0,1
+477:1,0,0,0,0
+478:0,1,0,0,0
+479:0,0,1,0,0
+480:0,0,0,1,0
+481:0,0,0,0,1
+482:1,0,0,0,0
+483:0,1,0,0,0
+484:0,0,1,0,0
+485:0,0,0,1,0
+486:0,0,0,0,1
+487:1,0,0,0,0
+488:0,1,0,0,0
+489:0,0,1,0,0
+490:0,0,0,1,0
+491:0,0,0,0,1
+492:1,0,0,0,0
+493:0,0,0,0,1
+494:1,0,0,0,0
+495:0,1,0,0,0
+496:0,0,1,0,0
+497:0,0,0,1,0
+498:0,0,0,0,1
+499:1,0,0,0,0
+500:0,1,0,0,0
+501:0,0,1,0,0
+502:0,0,0,1,0
+503:0,0,0,0,1
+504:1,0,0,0,0
+505:0,1,0,0,0
+506:0,0,1,0,0
+507:0,0,0,1,0
+508:0,0,0,0,1
+509:1,0,0,0,0
+510:0,1,0,0,0
+511:0,0,1,0,0
+512:0,0,0,1,0
+513:0,0,0,0,1
+514:1,0,0,0,0
+515:0,1,0,0,0
+516:0,0,1,0,0
+517:0,0,0,1,0
+518:0,0,0,0,1
+519:1,0,0,0,0
+520:0,1,0,0,0
+521:0,0,1,0,0
+522:0,1,0,0,0
+523:0,0,1,0,0
+524:0,0,0,1,0
+525:0,0,0,0,1
+526:1,0,0,0,0
+527:0,1,0,0,0
+528:0,0,1,0,0
+529:0,0,0,1,0
+530:0,0,0,0,1
+531:1,0,0,0,0
+532:0,1,0,0,0
+533:0,0,1,0,0
+534:0,0,0,1,0
+535:0,0,0,0,1
+536:1,0,0,0,0
+537:0,1,0,0,0
+538:0,0,1,0,0
+539:0,0,0,1,0
+540:0,0,0,0,1
+541:1,0,0,0,0
+542:0,1,0,0,0
+543:0,0,1,0,0
+544:0,0,0,1,0
+545:0,0,0,0,1
+546:1,0,0,0,0
+547:0,1,0,0,0
+548:0,0,1,0,0
+549:0,0,0,1,0
+550:0,0,0,0,1
+551:0,0,0,1,0
+552:0,0,0,0,1
+553:1,0,0,0,0
+554:0,1,0,0,0
+555:0,0,1,0,0
+556:0,0,0,1,0
+557:0,0,0,0,1
+558:1,0,0,0,0
+559:0,1,0,0,0
+560:0,0,1,0,0
+561:0,0,0,1,0
+562:0,0,0,0,1
+563:1,0,0,0,0
+564:0,1,0,0,0
+565:0,0,1,0,0
+566:0,0,0,1,0
+567:0,0,0,0,1
+568:1,0,0,0,0
+569:0,1,0,0,0
+570:0,0,1,0,0
+571:0,0,0,1,0
+572:0,0,0,0,1
+573:1,0,0,0,0
+574:0,1,0,0,0
+575:0,0,1,0,0
+576:0,0,0,1,0
+577:0,0,0,0,1
+578:1,0,0,0,0
+579:0,1,0,0,0
+580:1,0,0,0,0
+581:0,1,0,0,0
+582:0,0,1,0,0
+583:0,0,0,1,0
+584:0,0,0,0,1
+585:1,0,0,0,0
+586:0,1,0,0,0
+587:0,0,1,0,0
+588:0,0,0,1,0
+589:0,0,0,0,1
+590:1,0,0,0,0
+591:0,1,0,0,0
+592:0,0,1,0,0
+593:0,0,0,1,0
+594:0,0,0,0,1
+595:1,0,0,0,0
+596:0,1,0,0,0
+597:0,0,1,0,0
+598:0,0,0,1,0
+599:0,0,0,0,1
+600:1,0,0,0,0
+601:0,1,0,0,0
+602:0,0,1,0,0
+603:0,0,0,1,0
+604:0,0,0,0,1
+605:1,0,0,0,0
+606:0,1,0,0,0
+607:0,0,1,0,0
+608:0,0,0,1,0
+609:0,0,1,0,0
+610:0,0,0,1,0
+611:0,0,0,0,1
+612:1,0,0,0,0
+613:0,1,0,0,0
+614:0,0,1,0,0
+615:0,0,0,1,0
+616:0,0,0,0,1
+617:1,0,0,0,0
+618:0,1,0,0,0
+619:0,0,1,0,0
+620:0,0,0,1,0
+621:0,0,0,0,1
+622:1,0,0,0,0
+623:0,1,0,0,0
+624:0,0,1,0,0
+625:0,0,0,1,0
+626:0,0,0,0,1
+627:1,0,0,0,0
+628:0,1,0,0,0
+629:0,0,1,0,0
+630:0,0,0,1,0
+631:0,0,0,0,1
+632:1,0,0,0,0
+633:0,1,0,0,0
+634:0,0,1,0,0
+635:0,0,0,1,0
+636:0,0,0,0,1
+637:1,0,0,0,0
+638:0,0,0,0,1
+639:1,0,0,0,0
+640:0,1,0,0,0
+641:0,0,1,0,0
+642:0,0,0,1,0
+643:0,0,0,0,1
+644:1,0,0,0,0
+645:0,1,0,0,0
+646:0,0,1,0,0
+647:0,0,0,1,0
+648:0,0,0,0,1
+649:1,0,0,0,0
+650:0,1,0,0,0
+651:0,0,1,0,0
+652:0,0,0,1,0
+653:0,0,0,0,1
+654:1,0,0,0,0
+655:0,1,0,0,0
+656:0,0,1,0,0
+657:0,0,0,1,0
+658:0,0,0,0,1
+659:1,0,0,0,0
+660:0,1,0,0,0
+661:0,0,1,0,0
+662:0,0,0,1,0
+663:0,0,0,0,1
+664:1,0,0,0,0
+665:0,1,0,0,0
+666:0,0,1,0,0
+667:0,1,0,0,0
+668:0,0,1,0,0
+669:0,0,0,1,0
+670:0,0,0,0,1
+671:1,0,0,0,0
+672:0,1,0,0,0
+673:0,0,1,0,0
+674:0,0,0,1,0
+675:0,0,0,0,1
+676:1,0,0,0,0
+677:0,1,0,0,0
+678:0,0,1,0,0
+679:0,0,0,1,0
+680:0,0,0,0,1
+681:1,0,0,0,0
+682:0,1,0,0,0
+683:0,0,1,0,0
+684:0,0,0,1,0
+685:0,0,0,0,1
+686:1,0,0,0,0
+687:0,1,0,0,0
+688:0,0,1,0,0
+689:0,0,0,1,0
+690:0,0,0,0,1
+691:1,0,0,0,0
+692:0,1,0,0,0
+693:0,0,1,0,0
+694:0,0,0,1,0
+695:0,0,0,0,1
+696:0,0,0,1,0
+697:0,0,0,0,1
+698:1,0,0,0,0
+699:0,1,0,0,0
+700:0,0,1,0,0
+701:0,0,0,1,0
+702:0,0,0,0,1
+703:1,0,0,0,0
+704:0,1,0,0,0
+705:0,0,1,0,0
+706:0,0,0,1,0
+707:0,0,0,0,1
+708:1,0,0,0,0
+709:0,1,0,0,0
+710:0,0,1,0,0
+711:0,0,0,1,0
+712:0,0,0,0,1
+713:1,0,0,0,0
+714:0,1,0,0,0
+715:0,0,1,0,0
+716:0,0,0,1,0
+717:0,0,0,0,1
+718:1,0,0,0,0
+719:0,1,0,0,0
+720:0,0,1,0,0
+721:0,0,0,1,0
+722:0,0,0,0,1
+723:1,0,0,0,0
+724:0,1,0,0,0
+725:1,0,0,0,0
+726:0,1,0,0,0
+727:0,0,1,0,0
+728:0,0,0,1,0
+729:0,0,0,0,1
+730:1,0,0,0,0
+731:0,1,0,0,0
+732:0,0,1,0,0
+733:0,0,0,1,0
+734:0,0,0,0,1
+735:1,0,0,0,0
+736:0,1,0,0,0
+737:0,0,1,0,0
+738:0,0,0,1,0
+739:0,0,0,0,1
+740:1,0,0,0,0
+741:0,1,0,0,0
+742:0,0,1,0,0
+743:0,0,0,1,0
+744:0,0,0,0,1
+745:1,0,0,0,0
+746:0,1,0,0,0
+747:0,0,1,0,0
+748:0,0,0,1,0
+749:0,0,0,0,1
+750:1,0,0,0,0
+751:0,1,0,0,0
+752:0,0,1,0,0
+753:0,0,0,1,0
+754:0,0,1,0,0
+755:0,0,0,1,0
+756:0,0,0,0,1
+757:1,0,0,0,0
+758:0,1,0,0,0
+759:0,0,1,0,0
+760:0,0,0,1,0
+761:0,0,0,0,1
+762:1,0,0,0,0
+763:0,1,0,0,0
+764:0,0,1,0,0
+765:0,0,0,1,0
+766:0,0,0,0,1
+767:1,0,0,0,0
+768:0,1,0,0,0
+769:0,0,1,0,0
+770:0,0,0,1,0
+771:0,0,0,0,1
+772:1,0,0,0,0
+773:0,1,0,0,0
+774:0,0,1,0,0
+775:0,0,0,1,0
+776:0,0,0,0,1
+777:1,0,0,0,0
+778:0,1,0,0,0
+779:0,0,1,0,0
+780:0,0,0,1,0
+781:0,0,0,0,1
+782:1,0,0,0,0
+783:0,0,0,0,1
+784:1,0,0,0,0
+785:0,1,0,0,0
+786:0,0,1,0,0
+787:0,0,0,1,0
+788:0,0,0,0,1
+789:1,0,0,0,0
+790:0,1,0,0,0
+791:0,0,1,0,0
+792:0,0,0,1,0
+793:0,0,0,0,1
+794:1,0,0,0,0
+795:0,1,0,0,0
+796:0,0,1,0,0
+797:0,0,0,1,0
+798:0,0,0,0,1
+799:1,0,0,0,0
+800:0,1,0,0,0
+801:0,0,1,0,0
+802:0,0,0,1,0
+803:0,0,0,0,1
+804:1,0,0,0,0
+805:0,1,0,0,0
+806:0,0,1,0,0
+807:0,0,0,1,0
+808:0,0,0,0,1
+809:1,0,0,0,0
+810:0,1,0,0,0
+811:0,0,1,0,0
+812:0,1,0,0,0
+813:0,0,1,0,0
+814:0,0,0,1,0
+815:0,0,0,0,1
+816:1,0,0,0,0
+817:0,1,0,0,0
+818:0,0,1,0,0
+819:0,0,0,1,0
+820:0,0,0,0,1
+821:1,0,0,0,0
+822:0,1,0,0,0
+823:0,0,1,0,0
+824:0,0,0,1,0
+825:0,0,0,0,1
+826:1,0,0,0,0
+827:0,1,0,0,0
+828:0,0,1,0,0
+829:0,0,0,1,0
+830:0,0,0,0,1
+831:1,0,0,0,0
+832:0,1,0,0,0
+833:0,0,1,0,0
+834:0,0,0,1,0
+835:0,0,0,0,1
+836:1,0,0,0,0
+837:0,1,0,0,0
+838:0,0,1,0,0
+839:0,0,0,1,0
+840:0,0,0,0,1
