+0:1,0,0,0,0
+1:0,1,0,0,0
+2:0,0,1,0,0
+3:0,0,0,1,0
+4:0,0,0,0,1
+5:1,0,0,0,0
+6:0,1,0,0,0
+7:0,0,1,0,0
+8:0,0,0,1,0
+9:0,0,0,0,1
+10:1,0,0,0,0
+11:0,1,0,0,0
+12:0,0,1,0,0
+13:0,0,0,1,0
+14:0,0,0,0,1
+15:1,0,0,0,0
+16:0,1,0,0,0
+17:0,0,1,0,0
+18:0,0,0,1,0
+19:0,0,0,0,1
+20:1,0,0,0,0
+21:0,1,0,0,0
+22:0,0,1,0,0
+23:0,0,0,1,0
+24:0,0,0,0,1
+25:1,0,0,0,0
+26:0,1,0,0,0
+27:0,0,1,0,0
+28:0,0,0,1,0
+29:0,0,0,0,1
+30:1,0,0,0,0
+31:0,1,0,0,0
+32:0,0,1,0,0
+33:0,0,1,0,0
+34:0,0,0,1,0
+35:0,0,0,0,1
+36:1,0,0,0,0
+37:0,1,0,0,0
+38:0,0,1,0,0
+39:0,0,0,1,0
+40:0,0,0,0,1
+41:1,0,0,0,0
+42:0,1,0,0,0
+43:0,0,1,0,0
+44:0,0,0,1,0
+45:0,0,0,0,1
+46:1,0,0,0,0
+47:0,1,0,0,0
+48:0,0,1,0,0
+49:0,0,0,1,0
+50:0,0,0,0,1
+51:1,0,0,0,0
+52:0,1,0,0,0
+53:0,0,1,0,0
+54:0,0,0,1,0
+55:0,0,0,0,1
+56:1,0,0,0,0
+57:0,1,0,0,0
+58:0,0,1,0,0
+59:0,0,0,1,0
+60:0,0,0,0,1
+61:1,0,0,0,0
+62:0,1,0,0,0
+63:0,0,1,0,0
+64:0,0,0,1,0
+65:0,0,0,0,1
+66:0,0,0,0,1
+67:1,0,0,0,0
+68:0,1,0,0,0
+69:0,0,1,0,0
+70:0,0,0,1,0
+71:0,0,0,0,1
+72:1,0,0,0,0
+73:0,1,0,0,0
+74:0,0,1,0,0
+75:0,0,0,1,0
+76:0,0,0,0,1
+77:1,0,0,0,0
+78:0,1,0,0,0
+79:0,0,1,0,0
+80:0,0,0,1,0
+81:0,0,0,0,1
+82:1,0,0,0,0
+83:0,1,0,0,0
+84:0,0,1,0,0
+85:0,0,0,1,0
+86:0,0,0,0,1
+87:1,0,0,0,0
+88:0,1,0,0,0
+89:0,0,1,0,0
+90:0,0,0,1,0
+91:0,0,0,0,1
+92:1,0,0,0,0
+93:0,1,0,0,0
+94:0,0,1,0,0
+95:0,0,0,1,0
+96:0,0,0,0,1
+97:1,0,0,0,0
+98:0,1,0,0,0
+99:0,1,0,0,0
+100:0,0,1,0,0
+101:0,0,0,1,0
+102:0,0,0,0,1
+103:1,0,0,0,0
+104:0,1,0,0,0
+105:0,0,1,0,0
+106:0,0,0,1,0
+107:0,0,0,0,1
+108:1,0,0,0,0
+109:0,1,0,0,0
+110:0,0,1,0,0
+111:0,0,0,1,0
+112:0,0,0,0,1
+113:1,0,0,0,0
+114:0,1,0,0,0
+115:0,0,1,0,0
+116:0,0,0,1,0
+117:0,0,0,0,1
+118:1,0,0,0,0
+119:0,1,0,0,0
+120:0,0,1,0,0
+121:0,0,0,1,0
+122:0,0,0,0,1
+123:1,0,0,0,0
+124:0,1,0,0,0
+125:0,0,1,0,0
+126:0,0,0,1,0
+127:0,0,0,0,1
+128:1,0,0,0,0
+129:0,1,0,0,0
+130:0,0,1,0,0
+131:0,0,0,1,0
+132:0,0,0,1,0
+133:0,0,0,0,1
+134:1,0,0,0,0
+135:0,1,0,0,0
+136:0,0,1,0,0
+137:0,0,0,1,0
+138:0,0,0,0,1
+139:1,0,0,0,0
+140:0,1,0,0,0
+141:0,0,1,0,0
+142:0,0,0,1,0
+143:0,0,0,0,1
+144:1,0,0,0,0
+145:0,1,0,0,0
+146:0,0,1,0,0
+147:0,0,0,1,0
+148:0,0,0,0,1
+149:1,0,0,0,0
+150:0,1,0,0,0
+151:0,0,1,0,0
+152:0,0,0,1,0
+153:0,0,0,0,1
+154:1,0,0,0,0
+155:0,1,0,0,0
+156:0,0,1,0,0
+157:0,0,0,1,0
+158:0,0,0,0,1
+159:1,0,0,0,0
+160:0,1,0,0,0
+161:0,0,1,0,0
+162:0,0,0,1,0
+163:0,0,0,0,1
+164:1,0,0,0,0
+165:1,0,0,0,0
+166:0,1,0,0,0
+167:0,0,1,0,0
+168:0,0,0,1,0
+169:0,0,0,0,1
+170:1,0,0,0,0
+171:0,1,0,0,0
+172:0,0,1,0,0
+173:0,0,0,1,0
+174:0,0,0,0,1
+175:1,0,0,0,0
+176:0,1,0,0,0
+177:0,0,1,0,0
+178:0,0,0,1,0
+179:0,0,0,0,1
+180:1,0,0,0,0
+181:0,1,0,0,0
+182:0,0,1,0,0
+183:0,0,0,1,0
+184:0,0,0,0,1
+185:1,0,0,0,0
+186:0,1,0,0,0
+187:0,0,1,0,0
+188:0,0,0,1,0
+189:0,0,0,0,1
+190:1,0,0,0,0
+191:0,1,0,0,0
+192:0,0,1,0,0
+193:0,0,0,1,0
+194:0,0,0,0,1
+195:1,0,0,0,0
+196:0,1,0,0,0
+197:0,0,1,0,0
+198:0,0,1,0,0
+199:0,0,0,1,0
+200:0,0,0,0,1
+201:1,0,0,0,0
+202:0,1,0,0,0
+203:0,0,1,0,0
+204:0,0,0,1,0
+205:0,0,0,0,1
+206:1,0,0,0,0
+207:0,1,0,0,0
+208:0,0,1,0,0
+209:0,0,0,1,0
+210:0,0,0,0,1
+211:1,0,0,0,0
+212:0,1,0,0,0
+213:0,0,1,0,0
+214:0,0,0,1,0
+215:0,0,0,0,1
+216:1,0,0,0,0
+217:0,1,0,0,0
+218:0,0,1,0,0
+219:0,0,0,1,0
+220:0,0,0,0,1
+221:1,0,0,0,0
+222:0,1,0,0,0
+223:0,0,1,0,0
+224:0,0,0,1,0
+225:0,0,0,0,1
+226:1,0,0,0,0
+227:0,1,0,0,0
+228:0,0,1,0,0
+229:0,0,0,1,0
+230:0,0,0,0,1
+231:0,0,0,0,1
+232:1,0,0,0,0
+233:0,1,0,0,0
+234:0,0,1,0,0
+235:0,0,0,1,0
+236:0,0,0,0,1
+237:1,0,0,0,0
+238:0,1,0,0,0
+239:0,0,1,0,0
+240:0,0,0,1,0
+241:0,0,0,0,1
+242:1,0,0,0,0
+243:0,1,0,0,0
+244:0,0,1,0,0
+245:0,0,0,1,0
+246:0,0,0,0,1
+247:1,0,0,0,0
+248:0,1,0,0,0
+249:0,0,1,0,0
+250:0,0,0,1,0
+251:0,0,0,0,1
+252:1,0,0,0,0
+253:0,1,0,0,0
+254:0,0,1,0,0
+255:0,0,0,1,0
+256:0,0,0,0,1
+257:1,0,0,0,0
+258:0,1,0,0,0
+259:0,0,1,0,0
+260:0,0,0,1,0
+261:0,0,0,0,1
+262:1,0,0,0,0
+263:0,1,0,0,0
+264:0,1,0,0,0
+265:0,0,1,0,0
+266:0,0,0,1,0
+267:0,0,0,0,1
+268:1,0,0,0,0
+269:0,1,0,0,0
+270:0,0,1,0,0
+271:0,0,0,1,0
+272:0,0,0,0,1
+273:1,0,0,0,0
+274:0,1,0,0,0
+275:0,0,1,0,0
+276:0,0,0,1,0
+277:0,0,0,0,1
+278:1,0,0,0,0
+279:0,1,0,0,0
+280:0,0,1,0,0
+281:0,0,0,1,0
+282:0,0,0,0,1
+283:1,0,0,0,0
+284:0,1,0,0,0
+285:0,0,1,0,0
+286:0,0,0,1,0
+287:0,0,0,0,1
+288:1,0,0,0,0
+289:0,1,0,0,0
+290:0,0,1,0,0
+291:0,0,0,1,0
+292:0,0,0,0,1
+293:1,0,0,0,0
+294:0,1,0,0,0
+295:0,0,1,0,0
+296:0,0,0,1,0
+297:0,0,0,1,0
+298:0,0,0,0,1
+299:1,0,0,0,0
+300:0,1,0,0,0
+301:0,0,1,0,0
+302:0,0,0,1,0
+303:0,0,0,0,1
+304:1,0,0,0,0
+305:0,1,0,0,0
+306:0,0,1,0,0
+307:0,0,0,1,0
+308:0,0,0,0,1
+309:1,0,0,0,0
+310:0,1,0,0,0
+311:0,0,1,0,0
+312:0,0,0,1,0
+313:0,0,0,0,1
+314:1,0,0,0,0
+315:0,1,0,0,0
+316:0,0,1,0,0
+317:0,0,0,1,0
+318:0,0,0,0,1
+319:1,0,0,0,0
+320:0,1,0,0,0
+321:0,0,1,0,0
+322:0,0,0,1,0
+323:0,0,0,0,1
+324:1,0,0,0,0
+325:0,1,0,0,0
+326:0,0,1,0,0
+327:0,0,0,1,0
+328:0,0,0,0,1
+329:1,0,0,0,0
+330:1,0,0,0,0
+331:0,1,0,0,0
+332:0,0,1,0,0
+333:0,0,0,1,0
+334:0,0,0,0,1
+335:1,0,0,0,0
+336:0,1,0,0,0
+337:0,0,1,0,0
+338:0,0,0,1,0
+339:0,0,0,0,1
+340:1,0,0,0,0
+341:0,1,0,0,0
+342:0,0,1,0,0
+343:0,0,0,1,0
+344:0,0,0,0,1
+345:1,0,0,0,0
+346:0,1,0,0,0
+347:0,0,1,0,0
+348:0,0,0,1,0
+349:0,0,0,0,1
+350:1,0,0,0,0
+351:0,1,0,0,0
+352:0,0,1,0,0
+353:0,0,0,1,0
+354:0,0,0,0,1
+355:1,0,0,0,0
+356:0,1,0,0,0
+357:0,0,1,0,0
+358:0,0,0,1,0
+359:0,0,0,0,1
+360:1,0,0,0,0
+361:0,1,0,0,0
+362:0,0,1,0,0
+363:0,0,1,0,0
+364:0,0,0,1,0
+365:0,0,0,0,1
+366:1,0,0,0,0
+367:0,1,0,0,0
+368:0,0,1,0,0
+369:0,0,0,1,0
+370:0,0,0,0,1
+371:1,0,0,0,0
+372:0,1,0,0,0
+373:0,0,1,0,0
+374:0,0,0,1,0
+375:0,0,0,0,1
+376:1,0,0,0,0
+377:0,1,0,0,0
+378:0,0,1,0,0
+379:0,0,0,1,0
+380:0,0,0,0,1
+381:1,0,0,0,0
+382:0,1,0,0,0
+383:0,0,1,0,0
+384:0,0,0,1,0
+385:0,0,0,0,1
+386:1,0,0,0,0
+387:0,1,0,0,0
+388:0,0,1,0,0
+389:0,0,0,1,0
+390:0,0,0,0,1
+391:1,0,0,0,0
+392:0,1,0,0,0
+393:0,0,1,0,0
+394:0,0,0,1,0
+395:0,0,0,0,1
+396:0,0,0,0,1
+397:1,0,0,0,0
+398:0,1,0,0,0
+399:0,0,1,0,0
+400:0,0,0,1,0
+401:0,0,0,0,1
+402:1,0,0,0,0
+403:0,1,0,0,0
+404:0,0,1,0,0
+405:0,0,0,1,0
+406:0,0,0,0,1
+407:1,0,0,0,0
+408:0,1,0,0,0
+409:0,0,1,0,0
+410:0,0,0,1,0
+411:0,0,0,0,1
+412:1,0,0,0,0
+413:0,1,0,0,0
+414:0,0,1,0,0
+415:0,0,0,1,0
+416:0,0,0,0,1
+417:1,0,0,0,0
+418:0,1,0,0,0
+419:0,0,1,0,0
+420:0,0,0,1,0
+421:0,0,0,0,1
+422:1,0,0,0,0
+423:0,1,0,0,0
+424:0,0,1,0,0
+425:0,0,0,1,0
+426:0,0,0,0,1
+427:1,0,0,0,0
+428:0,1,0,0,0
+429:0,1,0,0,0
+430:0,0,1,0,0
+431:0,0,0,1,0
+432:0,0,0,0,1
+433:1,0,0,0,0
+434:0,1,0,0,0
+435:0,0,1,0,0
+436:0,0,0,1,0
+437:0,0,0,0,1
+438:1,0,0,0,0
+439:0,1,0,0,0
+440:0,0,1,0,0
+441:0,0,0,1,0
+442:0,0,0,0,1
+443:1,0,0,0,0
+444:0,1,0,0,0
+445:0,0,1,0,0
+446:0,0,0,1,0
+447:0,0,0,0,1
+448:1,0,0,0,0
+449:0,1,0,0,0
+450:0,0,1,0,0
+451:0,0,0,1,0
+452:0,0,0,0,1
+453:1,0,0,0,0
+454:0,1,0,0,0
+455:0,0,1,0,0
+456:0,0,0,1,0
+457:0,0,0,0,1
+458:1,0,0,0,0
+459:0,1,0,0,0
+460:0,0,1,0,0
+461:0,0,0,1,0
+462:0,0,0,1,0
+463:0,0,0,0,1
+464:1,0,0,0,0
+465:0,1,0,0,0
+466:0,0,1,0,0
+467:0,0,0,1,0
+468:0,0,0,0,1
+469:1,0,0,0,0
+470:0,1,0,0,0
+471:0,0,1,0,0
+472:0,0,0,1,0
+473:0,0,0,0,1
+474:1,0,0,0,0
+475:0,1,0,0,0
+476:0,0,1,0,0
+477:0,0,0,1,0
+478:0,0,0,0,1
+479:1,0,0,0,0
+480:0,1,0,0,0
+481:0,0,1,0,0
+482:0,0,0,1,0
+483:0,0,0,0,1
+484:1,0,0,0,0
+485:0,1,0,0,0
+486:0,0,1,0,0
+487:0,0,0,1,0
+488:0,0,0,0,1
+489:1,0,0,0,0
+490:0,1,0,0,0
+491:0,0,1,0,0
+492:0,0,0,1,0
+493:0,0,0,0,1
+494:1,0,0,0,0
+495:1,0,0,0,0
+496:0,1,0,0,0
+497:0,0,1,0,0
+498:0,0,0,1,0
+499:0,0,0,0,1
+500:1,0,0,0,0
+501:0,1,0,0,0
+502:0,0,1,0,0
+503:0,0,0,1,0
+504:0,0,0,0,1
+505:1,0,0,0,0
+506:0,1,0,0,0
+507:0,0,1,0,0
+508:0,0,0,1,0
+509:0,0,0,0,1
+510:1,0,0,0,0
+511:0,1,0,0,0
+512:0,0,1,0,0
+513:0,0,0,1,0
+514:0,0,0,0,1
+515:1,0,0,0,0
+516:0,1,0,0,0
+517:0,0,1,0,0
+518:0,0,0,1,0
+519:0,0,0,0,1
+520:1,0,0,0,0
+521:0,1,0,0,0
+522:0,0,1,0,0
+523:0,0,0,1,0
+524:0,0,0,0,1
+525:1,0,0,0,0
+526:0,1,0,0,0
+527:0,0,1,0,0
+528:0,0,1,0,0
+529:0,0,0,1,0
+530:0,0,0,0,1
+531:1,0,0,0,0
+532:0,1,0,0,0
+533:0,0,1,0,0
+534:0,0,0,1,0
+535:0,0,0,0,1
+536:1,0,0,0,0
+537:0,1,0,0,0
+538:0,0,1,0,0
+539:0,0,0,1,0
+540:0,0,0,0,1
+541:1,0,0,0,0
+542:0,1,0,0,0
+543:0,0,1,0,0
+544:0,0,0,1,0
+545:0,0,0,0,1
+546:1,0,0,0,0
+547:0,1,0,0,0
+548:0,0,1,0,0
+549:0,0,0,1,0
+550:0,0,0,0,1
+551:1,0,0,0,0
+552:0,1,0,0,0
+553:0,0,1,0,0
+554:0,0,0,1,0
+555:0,0,0,0,1
+556:1,0,0,0,0
+557:0,1,0,0,0
+558:0,0,1,0,0
+559:0,0,0,1,0
+560:0,0,0,0,1
+561:0,0,0,0,1
+562:1,0,0,0,0
+563:0,1,0,0,0
+564:0,0,1,0,0
+565:0,0,0,1,0
+566:0,0,0,0,1
+567:1,0,0,0,0
+568:0,1,0,0,0
+569:0,0,1,0,0
+570:0,0,0,1,0
+571:0,0,0,0,1
+572:1,0,0,0,0
+573:0,1,0,0,0
+574:0,0,1,0,0
+575:0,0,0,1,0
+576:0,0,0,0,1
+577:1,0,0,0,0
+578:0,1,0,0,0
+579:0,0,1,0,0
+580:0,0,0,1,0
+581:0,0,0,0,1
+582:1,0,0,0,0
+583:0,1,0,0,0
+584:0,0,1,0,0
+585:0,0,0,1,0
+586:0,0,0,0,1
+587:1,0,0,0,0
+588:0,1,0,0,0
+589:0,0,1,0,0
+590:0,0,0,1,0
+591:0,0,0,0,1
+592:1,0,0,0,0
+593:0,1,0,0,0
+594:0,1,0,0,0
+595:0,0,1,0,0
+596:0,0,0,1,0
+597:0,0,0,0,1
+598:1,0,0,0,0
+599:0,1,0,0,0
+600:0,0,1,0,0
+601:0,0,0,1,0
+602:0,0,0,0,1
+603:1,0,0,0,0
+604:0,1,0,0,0
+605:0,0,1,0,0
+606:0,0,0,1,0
+607:0,0,0,0,1
+608:1,0,0,0,0
+609:0,1,0,0,0
+610:0,0,1,0,0
+611:0,0,0,1,0
+612:0,0,0,0,1
+613:1,0,0,0,0
+614:0,1,0,0,0
+615:0,0,1,0,0
+616:0,0,0,1,0
+617:0,0,0,0,1
+618:1,0,0,0,0
+619:0,1,0,0,0
+620:0,0,1,0,0
+621:0,0,0,1,0
+622:0,0,0,0,1
+623:1,0,0,0,0
+624:0,1,0,0,0
+625:0,0,1,0,0
+626:0,0,0,1,0
+627:0,0,0,1,0
+628:0,0,0,0,1
+629:1,0,0,0,0
+630:0,1,0,0,0
+631:0,0,1,0,0
+632:0,0,0,1,0
+633:0,0,0,0,1
+634:1,0,0,0,0
+635:0,1,0,0,0
+636:0,0,1,0,0
+637:0,0,0,1,0
+638:0,0,0,0,1
+639:1,0,0,0,0
+640:0,1,0,0,0
+641:0,0,1,0,0
+642:0,0,0,1,0
+643:0,0,0,0,1
+644:1,0,0,0,0
+645:0,1,0,0,0
+646:0,0,1,0,0
+647:0,0,0,1,0
+648:0,0,0,0,1
+649:1,0,0,0,0
+650:0,1,0,0,0
+651:0,0,1,0,0
+652:0,0,0,1,0
+653:0,0,0,0,1
+654:1,0,0,0,0
+655:0,1,0,0,0
+656:0,0,1,0,0
+657:0,0,0,1,0
+658:0,0,0,0,1
+659:1,0,0,0,0
+660:1,0,0,0,0
+661:0,1,0,0,0
+662:0,0,1,0,0
+663:0,0,0,1,0
+664:0,0,0,0,1
+665:1,0,0,0,0
+666:0,1,0,0,0
+667:0,0,1,0,0
+668:0,0,0,1,0
+669:0,0,0,0,1
+670:1,0,0,0,0
+671:0,1,0,0,0
+672:0,0,1,0,0
+673:0,0,0,1,0
+674:0,0,0,0,1
+675:1,0,0,0,0
+676:0,1,0,0,0
+677:0,0,1,0,0
+678:0,0,0,1,0
+679:0,0,0,0,1
+680:1,0,0,0,0
+681:0,1,0,0,0
+682:0,0,1,0,0
+683:0,0,0,1,0
+684:0,0,0,0,1
+685:1,0,0,0,0
+686:0,1,0,0,0
+687:0,0,1,0,0
+688:0,0,0,1,0
+689:0,0,0,0,1
+690:1,0,0,0,0
+691:0,1,0,0,0
+692:0,0,1,0,0
+693:0,0,1,0,0
+694:0,0,0,1,0
+695:0,0,0,0,1
+696:1,0,0,0,0
+697:0,1,0,0,0
+698:0,0,1,0,0
+699:0,0,0,1,0
+700:0,0,0,0,1
+701:1,0,0,0,0
+702:0,1,0,0,0
+703:0,0,1,0,0
+704:0,0,0,1,0
+705:0,0,0,0,1
+706:1,0,0,0,0
+707:0,1,0,0,0
+708:0,0,1,0,0
+709:0,0,0,1,0
+710:0,0,0,0,1
+711:1,0,0,0,0
+712:0,1,0,0,0
+713:0,0,1,0,0
+714:0,0,0,1,0
+715:0,0,0,0,1
+716:1,0,0,0,0
+717:0,1,0,0,0
+718:0,0,1,0,0
+719:0,0,0,1,0
+720:0,0,0,0,1
+721:1,0,0,0,0
+722:0,1,0,0,0
+723:0,0,1,0,0
+724:0,0,0,1,0
+725:0,0,0,0,1
+726:0,0,0,0,1
+727:1,0,0,0,0
+728:0,1,0,0,0
+729:0,0,1,0,0
+730:0,0,0,1,0
+731:0,0,0,0,1
+732:1,0,0,0,0
+733:0,1,0,0,0
+734:0,0,1,0,0
+735:0,0,0,1,0
+736:0,0,0,0,1
+737:1,0,0,0,0
+738:0,1,0,0,0
+739:0,0,1,0,0
+740:0,0,0,1,0
+741:0,0,0,0,1
+742:1,0,0,0,0
+743:0,1,0,0,0
+744:0,0,1,0,0
+745:0,0,0,1,0
+746:0,0,0,0,1
+747:1,0,0,0,0
+748:0,1,0,0,0
+749:0,0,1,0,0
+750:0,0,0,1,0
+751:0,0,0,0,1
+752:1,0,0,0,0
+753:0,1,0,0,0
+754:0,0,1,0,0
+755:0,0,0,1,0
+756:0,0,0,0,1
+757:1,0,0,0,0
+758:0,1,0,0,0
+759:0,1,0,0,0
+760:0,0,1,0,0
+761:0,0,0,1,0
+762:0,0,0,0,1
+763:1,0,0,0,0
+764:0,1,0,0,0
+765:0,0,1,0,0
+766:0,0,0,1,0
+767:0,0,0,0,1
+768:1,0,0,0,0
+769:0,1,0,0,0
+770:0,0,1,0,0
+771:0,0,0,1,0
+772:0,0,0,0,1
+773:1,0,0,0,0
+774:0,1,0,0,0
+775:0,0,1,0,0
+776:0,0,0,1,0
+777:0,0,0,0,1
+778:1,0,0,0,0
+779:0,1,0,0,0
+780:0,0,1,0,0
+781:0,0,0,1,0
+782:0,0,0,0,1
+783:1,0,0,0,0
+784:0,1,0,0,0
+785:0,0,1,0,0
+786:0,0,0,1,0
+787:0,0,0,0,1
+788:1,0,0,0,0
+789:0,1,0,0,0
+790:0,0,1,0,0
+791:0,0,0,1,0
+792:0,0,0,1,0
+793:0,0,0,0,1
+794:1,0,0,0,0
+795:0,1,0,0,0
+796:0,0,1,0,0
+797:0,0,0,1,0
+798:0,0,0,0,1
+799:1,0,0,0,0
+800:0,1,0,0,0
+801:0,0,1,0,0
+802:0,0,0,1,0
+803:0,0,0,0,1
+804:1,0,0,0,0
+805:0,1,0,0,0
+806:0,0,1,0,0
+807:0,0,0,1,0
+808:0,0,0,0,1
+809:1,0,0,0,0
+810:0,1,0,0,0
+811:0,0,1,0,0
+812:0,0,0,1,0
+813:0,0,0,0,1
+814:1,0,0,0,0
+815:0,1,0,0,0
+816:0,0,1,0,0
+817:0,0,0,1,0
+818:0,0,0,0,1
+819:1,0,0,0,0
+820:0,1,0,0,0
+821:0,0,1,0,0
+822:0,0,0,1,0
+823:0,0,0,0,1
+824:1,0,0,0,0
+825:1,0,0,0,0
+826:0,1,0,0,0
+827:0,0,1,0,0
+828:0,0,0,1,0
+829:0,0,0,0,1
+830:1,0,0,0,0
+831:0,1,0,0,0
+832:0,0,1,0,0
+833:0,0,0,1,0
+834:0,0,0,0,1
+835:1,0,0,0,0
+836:0,1,0,0,0
+837:0,0,1,0,0
+838:0,0,0,1,0
+839:0,0,0,0,1
+840:1,0,0,0,0
+841:0,1,0,0,0
+842:0,0,1,0,0
+843:0,0,0,1,0
+844:0,0,0,0,1
+845:1,0,0,0,0
+846:0,1,0,0,0
+847:0,0,1,0,0
+848:0,0,0,1,0
+849:0,0,0,0,1
+850:1,0,0,0,0
+851:0,1,0,0,0
+852:0,0,1,0,0
+853:0,0,0,1,0
+854:0,0,0,0,1
+855:1,0,0,0,0
+856:0,1,0,0,0
+857:0,0,1,0,0
+858:0,0,1,0,0
+859:0,0,0,1,0
+860:0,0,0,0,1
+861:1,0,0,0,0
+862:0,1,0,0,0
+863:0,0,1,0,0
+864:0,0,0,1,0
+865:0,0,0,0,1
+866:1,0,0,0,0
+867:0,1,0,0,0
+868:0,0,1,0,0
+869:0,0,0,1,0
+870:0,0,0,0,1
+871:1,0,0,0,0
+872:0,1,0,0,0
+873:0,0,1,0,0
+874:0,0,0,1,0
+875:0,0,0,0,1
+876:1,0,0,0,0
+877:0,1,0,0,0
+878:0,0,1,0,0
+879:0,0,0,1,0
+880:0,0,0,0,1
+881:1,0,0,0,0
+882:0,1,0,0,0
+883:0,0,1,0,0
+884:0,0,0,1,0
+885:0,0,0,0,1
+886:1,0,0,0,0
+887:0,1,0,0,0
+888:0,0,1,0,0
+889:0,0,0,1,0
+890:0,0,0,0,1
+891:0,0,0,0,1
+892:1,0,0,0,0
+893:0,1,0,0,0
+894:0,0,1,0,0
+895:0,0,0,1,0
+896:0,0,0,0,1
+897:1,0,0,0,0
+898:0,1,0,0,0
+899:0,0,1,0,0
+900:0,0,0,1,0
+901:0,0,0,0,1
+902:1,0,0,0,0
+903:0,1,0,0,0
+904:0,0,1,0,0
+905:0,0,0,1,0
+906:0,0,0,0,1
+907:1,0,0,0,0
+908:0,1,0,0,0
+909:0,0,1,0,0
+910:0,0,0,1,0
+911:0,0,0,0,1
+912:1,0,0,0,0
+913:0,1,0,0,0
+914:0,0,1,0,0
+915:0,0,0,1,0
+916:0,0,0,0,1
+917:1,0,0,0,0
+918:0,1,0,0,0
+919:0,0,1,0,0
+920:0,0,0,1,0
+921:0,0,0,0,1
+922:1,0,0,0,0
+923:0,1,0,0,0
+924:0,1,0,0,0
+925:0,0,1,0,0
+926:0,0,0,1,0
+927:0,0,0,0,1
+928:1,0,0,0,0
+929:0,1,0,0,0
+930:0,0,1,0,0
+931:0,0,0,1,0
+932:0,0,0,0,1
+933:1,0,0,0,0
+934:0,1,0,0,0
+935:0,0,1,0,0
+936:0,0,0,1,0
+937:0,0,0,0,1
+938:1,0,0,0,0
+939:0,1,0,0,0
+940:0,0,1,0,0
+941:0,0,0,1,0
+942:0,0,0,0,1
+943:1,0,0,0,0
+944:0,1,0,0,0
+945:0,0,1,0,0
+946:0,0,0,1,0
+947:0,0,0,0,1
+948:1,0,0,0,0
+949:0,1,0,0,0
+950:0,0,1,0,0
+951:0,0,0,1,0
+952:0,0,0,0,1
+953:1,0,0,0,0
+954:0,1,0,0,0
+955:0,0,1,0,0
+956:0,0,0,1,0
+957:0,0,0,1,0
+958:0,0,0,0,1
+959:1,0,0,0,0
+960:0,1,0,0,0
+961:0,0,1,0,0
+962:0,0,0,1,0
+963:0,0,0,0,1
+964:1,0,0,0,0
+965:0,1,0,0,0
+966:0,0,1,0,0
+967:0,0,0,1,0
+968:0,0,0,0,1
+969:1,0,0,0,0
+970:0,1,0,0,0
+971:0,0,1,0,0
+972:0,0,0,1,0
+973:0,0,0,0,1
+974:1,0,0,0,0
+975:0,1,0,0,0
+976:0,0,1,0,0
+977:0,0,0,1,0
+978:0,0,0,0,1
+979:1,0,0,0,0
+980:0,1,0,0,0
+981:0,0,1,0,0
+982:0,0,0,1,0
+983:0,0,0,0,1
+984:1,0,0,0,0
+985:0,1,0,0,0
+986:0,0,1,0,0
+987:0,0,0,1,0
+988:0,0,0,0,1
+989:1,0,0,0,0
+990:1,0,0,0,0
+991:0,1,0,0,0
+992:0,0,1,0,0
+993:0,0,0,1,0
+994:0,0,0,0,1
+995:1,0,0,0,0
+996:0,1,0,0,0
+997:0,0,1,0,0
+998:0,0,0,1,0
+999:0,0,0,0,1
+1000:1,0,0,0,0
+1001:0,1,0,0,0
+1002:0,0,1,0,0
+1003:0,0,0,1,0
+1004:0,0,0,0,1
+1005:1,0,0,0,0
+1006:0,1,0,0,0
+1007:0,0,1,0,0
+1008:0,0,0,1,0
+1009:0,0,0,0,1
+1010:1,0,0,0,0
+1011:0,1,0,0,0
+1012:0,0,1,0,0
+1013:0,0,0,1,0
+1014:0,0,0,0,1
+1015:1,0,0,0,0
+1016:0,1,0,0,0
+1017:0,0,1,0,0
+1018:0,0,0,1,0
+1019:0,0,0,0,1
+1020:1,0,0,0,0
+1021:0,1,0,0,0
+1022:0,0,1,0,0
+1023:0,0,1,0,0
+1024:0,0,0,1,0
+1025:0,0,0,0,1
+1026:1,0,0,0,0
+1027:0,1,0,0,0
+1028:0,0,1,0,0
+1029:0,0,0,1,0
+1030:0,0,0,0,1
+1031:1,0,0,0,0
+1032:0,1,0,0,0
+1033:0,0,1,0,0
+1034:0,0,0,1,0
+1035:0,0,0,0,1
+1036:1,0,0,0,0
+1037:0,1,0,0,0
+1038:0,0,1,0,0
+1039:0,0,0,1,0
+1040:0,0,0,0,1
+1041:1,0,0,0,0
+1042:0,1,0,0,0
+1043:0,0,1,0,0
+1044:0,0,0,1,0
+1045:0,0,0,0,1
+1046:1,0,0,0,0
+1047:0,1,0,0,0
+1048:0,0,1,0,0
+1049:0,0,0,1,0
+1050:0,0,0,0,1
+1051:1,0,0,0,0
+1052:0,1,0,0,0
+1053:0,0,1,0,0
+1054:0,0,0,1,0
+1055:0,0,0,0,1
+1056:0,0,0,0,1
+1057:1,0,0,0,0
+1058:0,1,0,0,0
+1059:0,0,1,0,0
+1060:0,0,0,1,0
+1061:0,0,0,0,1
+1062:1,0,0,0,0
+1063:0,1,0,0,0
+1064:0,0,1,0,0
+1065:0,0,0,1,0
+1066:0,0,0,0,1
+1067:1,0,0,0,0
+1068:0,1,0,0,0
+1069:0,0,1,0,0
+1070:0,0,0,1,0
+1071:0,0,0,0,1
+1072:1,0,0,0,0
+1073:0,1,0,0,0
+1074:0,0,1,0,0
+1075:0,0,0,1,0
+1076:0,0,0,0,1
+1077:1,0,0,0,0
+1078:0,1,0,0,0
+1079:0,0,1,0,0
+1080:0,0,0,1,0
+1081:0,0,0,0,1
+1082:1,0,0,0,0
+1083:0,1,0,0,0
+1084:0,0,1,0,0
+1085:0,0,0,1,0
+1086:0,0,0,0,1
+1087:1,0,0,0,0
+1088:0,1,0,0,0
