+0:1,0,0,0,0
+1:0,1,0,0,0
+2:0,0,1,0,0
+3:0,0,0,1,0
+4:0,0,0,0,1
+5:1,0,0,0,0
+6:0,1,0,0,0
+7:0,0,1,0,0
+8:0,0,0,1,0
+9:0,0,0,0,1
+10:1,0,0,0,0
+11:0,1,0,0,0
+12:0,0,1,0,0
+13:0,0,0,1,0
+14:0,0,0,0,1
+15:1,0,0,0,0
+16:0,1,0,0,0
+17:0,0,1,0,0
+18:0,0,1,0,0
+19:0,0,0,1,0
+20:0,0,0,0,1
+21:1,0,0,0,0
+22:0,1,0,0,0
+23:0,0,1,0,0
+24:0,0,0,1,0
+25:0,0,0,0,1
+26:1,0,0,0,0
+27:0,1,0,0,0
+28:0,0,1,0,0
+29:0,0,0,1,0
+30:0,0,0,0,1
+31:1,0,0,0,0
+32:0,1,0,0,0
+33:0,0,1,0,0
+34:0,0,0,1,0
+35:0,0,0,0,1
+36:0,0,0,0,1
+37:1,0,0,0,0
+38:0,1,0,0,0
+39:0,0,1,0,0
+40:0,0,0,1,0
+41:0,0,0,0,1
+42:1,0,0,0,0
+43:0,1,0,0,0
+44:0,0,1,0,0
+45:0,0,0,1,0
+46:0,0,0,0,1
+47:1,0,0,0,0
+48:0,1,0,0,0
+49:0,0,1,0,0
+50:0,0,0,1,0
+51:0,0,0,0,1
+52:1,0,0,0,0
+53:0,1,0,0,0
+54:0,1,0,0,0
+55:0,0,1,0,0
+56:0,0,0,1,0
+57:0,0,0,0,1
+58:1,0,0,0,0
+59:0,1,0,0,0
+60:0,0,1,0,0
+61:0,0,0,1,0
+62:0,0,0,0,1
+63:1,0,0,0,0
+64:0,1,0,0,0
+65:0,0,1,0,0
+66:0,0,0,1,0
+67:0,0,0,0,1
+68:1,0,0,0,0
+69:0,1,0,0,0
+70:0,0,1,0,0
+71:0,0,0,1,0
+72:0,0,0,1,0
+73:0,0,0,0,1
+74:1,0,0,0,0
+75:0,1,0,0,0
+76:0,0,1,0,0
+77:0,0,0,1,0
+78:0,0,0,0,1
+79:1,0,0,0,0
+80:0,1,0,0,0
+81:0,0,1,0,0
+82:0,0,0,1,0
+83:0,0,0,0,1
+84:1,0,0,0,0
+85:0,1,0,0,0
+86:0,0,1,0,0
+87:0,0,0,1,0
+88:0,0,0,0,1
+89:1,0,0,0,0
+90:1,0,0,0,0
+91:0,1,0,0,0
+92:0,0,1,0,0
+93:0,0,0,1,0
+94:0,0,0,0,1
+95:1,0,0,0,0
+96:0,1,0,0,0
+97:0,0,1,0,0
+98:0,0,0,1,0
+99:0,0,0,0,1
+100:1,0,0,0,0
+101:0,1,0,0,0
+102:0,0,1,0,0
+103:0,0,0,1,0
+104:0,0,0,0,1
+105:1,0,0,0,0
+106:0,1,0,0,0
+107:0,0,1,0,0
+108:0,0,1,0,0
+109:0,0,0,1,0
+110:0,0,0,0,1
+111:1,0,0,0,0
+112:0,1,0,0,0
+113:0,0,1,0,0
+114:0,0,0,1,0
+115:0,0,0,0,1
+116:1,0,0,0,0
+117:0,1,0,0,0
+118:0,0,1,0,0
+119:0,0,0,1,0
+120:0,0,0,0,1
+121:1,0,0,0,0
+122:0,1,0,0,0
+123:0,0,1,0,0
+124:0,0,0,1,0
+125:0,0,0,0,1
+126:0,0,0,0,1
+127:1,0,0,0,0
+128:0,1,0,0,0
+129:0,0,1,0,0
+130:0,0,0,1,0
+131:0,0,0,0,1
+132:1,0,0,0,0
+133:0,1,0,0,0
+134:0,0,1,0,0
+135:0,0,0,1,0
+136:0,0,0,0,1
+137:1,0,0,0,0
+138:0,1,0,0,0
+139:0,0,1,0,0
+140:0,0,0,1,0
+141:0,0,0,0,1
+142:1,0,0,0,0
+143:0,1,0,0,0
+144:0,1,0,0,0
+145:0,0,1,0,0
+146:0,0,0,1,0
+147:0,0,0,0,1
+148:1,0,0,0,0
+149:0,1,0,0,0
+150:0,0,1,0,0
+151:0,0,0,1,0
+152:0,0,0,0,1
+153:1,0,0,0,0
+154:0,1,0,0,0
+155:0,0,1,0,0
+156:0,0,0,1,0
+157:0,0,0,0,1
+158:1,0,0,0,0
+159:0,1,0,0,0
+160:0,0,1,0,0
+161:0,0,0,1,0
+162:0,0,0,1,0
+163:0,0,0,0,1
+164:1,0,0,0,0
+165:0,1,0,0,0
+166:0,0,1,0,0
+167:0,0,0,1,0
+168:0,0,0,0,1
+169:1,0,0,0,0
+170:0,1,0,0,0
+171:0,0,1,0,0
+172:0,0,0,1,0
+173:0,0,0,0,1
+174:1,0,0,0,0
+175:0,1,0,0,0
+176:0,0,1,0,0
+177:0,0,0,1,0
+178:0,0,0,0,1
+179:1,0,0,0,0
+180:1,0,0,0,0
+181:0,1,0,0,0
+182:0,0,1,0,0
+183:0,0,0,1,0
+184:0,0,0,0,1
+185:1,0,0,0,0
+186:0,1,0,0,0
+187:0,0,1,0,0
+188:0,0,0,1,0
+189:0,0,0,0,1
+190:1,0,0,0,0
+191:0,1,0,0,0
+192:0,0,1,0,0
+193:0,0,0,1,0
+194:0,0,0,0,1
+195:1,0,0,0,0
+196:0,1,0,0,0
+197:0,0,1,0,0
+198:0,0,1,0,0
+199:0,0,0,1,0
+200:0,0,0,0,1
+201:1,0,0,0,0
+202:0,1,0,0,0
+203:0,0,1,0,0
+204:0,0,0,1,0
+205:0,0,0,0,1
+206:1,0,0,0,0
+207:0,1,0,0,0
+208:0,0,1,0,0
+209:0,0,0,1,0
+210:0,0,0,0,1
+211:1,0,0,0,0
+212:0,1,0,0,0
+213:0,0,1,0,0
+214:0,0,0,1,0
+215:0,0,0,0,1
+216:0,0,0,0,1
+217:1,0,0,0,0
+218:0,1,0,0,0
+219:0,0,1,0,0
+220:0,0,0,1,0
+221:0,0,0,0,1
+222:1,0,0,0,0
+223:0,1,0,0,0
+224:0,0,1,0,0
+225:0,0,0,1,0
+226:0,0,0,0,1
+227:1,0,0,0,0
+228:0,1,0,0,0
+229:0,0,1,0,0
+230:0,0,0,1,0
+231:0,0,0,0,1
+232:1,0,0,0,0
+233:0,1,0,0,0
+234:0,1,0,0,0
+235:0,0,1,0,0
+236:0,0,0,1,0
+237:0,0,0,0,1
+238:1,0,0,0,0
+239:0,1,0,0,0
+240:0,0,1,0,0
+241:0,0,0,1,0
+242:0,0,0,0,1
+243:1,0,0,0,0
+244:0,1,0,0,0
+245:0,0,1,0,0
+246:0,0,0,1,0
+247:0,0,0,0,1
+248:1,0,0,0,0
+249:0,1,0,0,0
+250:0,0,1,0,0
+251:0,0,0,1,0
+252:0,0,0,1,0
+253:0,0,0,0,1
+254:1,0,0,0,0
+255:0,1,0,0,0
+256:0,0,1,0,0
+257:0,0,0,1,0
+258:0,0,0,0,1
+259:1,0,0,0,0
+260:0,1,0,0,0
+261:0,0,1,0,0
+262:0,0,0,1,0
+263:0,0,0,0,1
+264:1,0,0,0,0
+265:0,1,0,0,0
+266:0,0,1,0,0
+267:0,0,0,1,0
+268:0,0,0,0,1
+269:1,0,0,0,0
+270:1,0,0,0,0
+271:0,1,0,0,0
+272:0,0,1,0,0
+273:0,0,0,1,0
+274:0,0,0,0,1
+275:1,0,0,0,0
+276:0,1,0,0,0
+277:0,0,1,0,0
+278:0,0,0,1,0
+279:0,0,0,0,1
+280:1,0,0,0,0
+281:0,1,0,0,0
+282:0,0,1,0,0
+283:0,0,0,1,0
+284:0,0,0,0,1
+285:1,0,0,0,0
+286:0,1,0,0,0
+287:0,0,1,0,0
+288:0,0,1,0,0
+289:0,0,0,1,0
+290:0,0,0,0,1
+291:1,0,0,0,0
+292:0,1,0,0,0
+293:0,0,1,0,0
+294:0,0,0,1,0
+295:0,0,0,0,1
+296:1,0,0,0,0
+297:0,1,0,0,0
+298:0,0,1,0,0
+299:0,0,0,1,0
+300:0,0,0,0,1
+301:1,0,0,0,0
+302:0,1,0,0,0
+303:0,0,1,0,0
+304:0,0,0,1,0
+305:0,0,0,0,1
+306:0,0,0,0,1
+307:1,0,0,0,0
+308:0,1,0,0,0
+309:0,0,1,0,0
+310:0,0,0,1,0
+311:0,0,0,0,1
+312:1,0,0,0,0
+313:0,1,0,0,0
+314:0,0,1,0,0
+315:0,0,0,1,0
+316:0,0,0,0,1
+317:1,0,0,0,0
+318:0,1,0,0,0
+319:0,0,1,0,0
+320:0,0,0,1,0
+321:0,0,0,0,1
+322:1,0,0,0,0
+323:0,1,0,0,0
