+0:1,0,0,0,0
+1:0,1,0,0,0
+2:0,0,1,0,0
+3:0,0,0,1,0
+4:0,0,0,0,1
+5:1,0,0,0,0
+6:0,1,0,0,0
+7:0,0,1,0,0
+8:0,0,0,1,0
+9:0,0,0,0,1
+10:1,0,0,0,0
+11:0,1,0,0,0
+12:0,0,1,0,0
+13:0,0,0,1,0
+14:0,0,0,0,1
+15:1,0,0,0,0
+16:0,1,0,0,0
+17:0,0,1,0,0
+18:0,0,0,1,0
+19:0,0,0,0,1
+20:1,0,0,0,0
+21:0,1,0,0,0
+22:0,0,1,0,0
+23:0,0,0,1,0
+24:0,0,0,0,1
+25:1,0,0,0,0
+26:0,1,0,0,0
+27:0,0,1,0,0
+28:0,0,0,1,0
+29:0,0,0,0,1
+30:1,0,0,0,0
+31:0,1,0,0,0
+32:0,0,1,0,0
+33:0,0,0,1,0
+34:0,0,0,0,1
+35:0,0,1,0,0
+36:0,0,0,1,0
+37:0,0,0,0,1
+38:1,0,0,0,0
+39:0,1,0,0,0
+40:0,0,1,0,0
+41:0,0,0,1,0
+42:0,0,0,0,1
+43:1,0,0,0,0
+44:0,1,0,0,0
+45:0,0,1,0,0
+46:0,0,0,1,0
+47:0,0,0,0,1
+48:1,0,0,0,0
+49:0,1,0,0,0
+50:0,0,1,0,0
+51:0,0,0,1,0
+52:0,0,0,0,1
+53:1,0,0,0,0
+54:0,1,0,0,0
+55:0,0,1,0,0
+56:0,0,0,1,0
+57:0,0,0,0,1
+58:1,0,0,0,0
+59:0,1,0,0,0
+60:0,0,1,0,0
+61:0,0,0,1,0
+62:0,0,0,0,1
+63:1,0,0,0,0
+64:0,1,0,0,0
+65:0,0,1,0,0
+66:0,0,0,1,0
+67:0,0,0,0,1
+68:1,0,0,0,0
+69:0,1,0,0,0
+70:0,0,0,0,1
+71:1,0,0,0,0
+72:0,1,0,0,0
+73:0,0,1,0,0
+74:0,0,0,1,0
+75:0,0,0,0,1
+76:1,0,0,0,0
+77:0,1,0,0,0
+78:0,0,1,0,0
+79:0,0,0,1,0
+80:0,0,0,0,1
+81:1,0,0,0,0
+82:0,1,0,0,0
+83:0,0,1,0,0
+84:0,0,0,1,0
+85:0,0,0,0,1
+86:1,0,0,0,0
+87:0,1,0,0,0
+88:0,0,1,0,0
+89:0,0,0,1,0
+90:0,0,0,0,1
+91:1,0,0,0,0
+92:0,1,0,0,0
+93:0,0,1,0,0
+94:0,0,0,1,0
+95:0,0,0,0,1
+96:1,0,0,0,0
+97:0,1,0,0,0
+98:0,0,1,0,0
+99:0,0,0,1,0
+100:0,0,0,0,1
+101:1,0,0,0,0
+102:0,1,0,0,0
+103:0,0,1,0,0
+104:0,0,0,1,0
+105:0,1,0,0,0
+106:0,0,1,0,0
+107:0,0,0,1,0
+108:0,0,0,0,1
+109:1,0,0,0,0
+110:0,1,0,0,0
+111:0,0,1,0,0
+112:0,0,0,1,0
+113:0,0,0,0,1
+114:1,0,0,0,0
+115:0,1,0,0,0
+116:0,0,1,0,0
+117:0,0,0,1,0
+118:0,0,0,0,1
+119:1,0,0,0,0
+120:0,1,0,0,0
+121:0,0,1,0,0
+122:0,0,0,1,0
+123:0,0,0,0,1
+124:1,0,0,0,0
+125:0,1,0,0,0
+126:0,0,1,0,0
+127:0,0,0,1,0
+128:0,0,0,0,1
+129:1,0,0,0,0
+130:0,1,0,0,0
+131:0,0,1,0,0
+132:0,0,0,1,0
+133:0,0,0,0,1
+134:1,0,0,0,0
+135:0,1,0,0,0
+136:0,0,1,0,0
+137:0,0,0,1,0
+138:0,0,0,0,1
+139:1,0,0,0,0
+140:0,0,0,1,0
+141:0,0,0,0,1
+142:1,0,0,0,0
+143:0,1,0,0,0
+144:0,0,1,0,0
+145:0,0,0,1,0
+146:0,0,0,0,1
+147:1,0,0,0,0
+148:0,1,0,0,0
+149:0,0,1,0,0
+150:0,0,0,1,0
+151:0,0,0,0,1
+152:1,0,0,0,0
+153:0,1,0,0,0
+154:0,0,1,0,0
+155:0,0,0,1,0
+156:0,0,0,0,1
+157:1,0,0,0,0
+158:0,1,0,0,0
+159:0,0,1,0,0
+160:0,0,0,1,0
+161:0,0,0,0,1
+162:1,0,0,0,0
+163:0,1,0,0,0
+164:0,0,1,0,0
+165:0,0,0,1,0
+166:0,0,0,0,1
+167:1,0,0,0,0
+168:0,1,0,0,0
+169:0,0,1,0,0
+170:0,0,0,1,0
+171:0,0,0,0,1
+172:1,0,0,0,0
+173:0,1,0,0,0
+174:0,0,1,0,0
+175:1,0,0,0,0
+176:0,1,0,0,0
+177:0,0,1,0,0
+178:0,0,0,1,0
+179:0,0,0,0,1
+180:1,0,0,0,0
+181:0,1,0,0,0
+182:0,0,1,0,0
+183:0,0,0,1,0
+184:0,0,0,0,1
+185:1,0,0,0,0
+186:0,1,0,0,0
+187:0,0,1,0,0
+188:0,0,0,1,0
+189:0,0,0,0,1
+190:1,0,0,0,0
+191:0,1,0,0,0
+192:0,0,1,0,0
+193:0,0,0,1,0
+194:0,0,0,0,1
+195:1,0,0,0,0
+196:0,1,0,0,0
+197:0,0,1,0,0
+198:0,0,0,1,0
+199:0,0,0,0,1
+200:1,0,0,0,0
+201:0,1,0,0,0
+202:0,0,1,0,0
+203:0,0,0,1,0
+204:0,0,0,0,1
+205:1,0,0,0,0
+206:0,1,0,0,0
+207:0,0,1,0,0
+208:0,0,0,1,0
+209:0,0,0,0,1
+210:0,0,1,0,0
+211:0,0,0,1,0
+212:0,0,0,0,1
+213:1,0,0,0,0
+214:0,1,0,0,0
+215:0,0,1,0,0
+216:0,0,0,1,0
+217:0,0,0,0,1
+218:1,0,0,0,0
+219:0,1,0,0,0
+220:0,0,1,0,0
+221:0,0,0,1,0
+222:0,0,0,0,1
+223:1,0,0,0,0
+224:0,1,0,0,0
+225:0,0,1,0,0
+226:0,0,0,1,0
+227:0,0,0,0,1
+228:1,0,0,0,0
+229:0,1,0,0,0
+230:0,0,1,0,0
+231:0,0,0,1,0
+232:0,0,0,0,1
+233:1,0,0,0,0
+234:0,1,0,0,0
+235:0,0,1,0,0
+236:0,0,0,1,0
+237:0,0,0,0,1
+238:1,0,0,0,0
+239:0,1,0,0,0
+240:0,0,1,0,0
+241:0,0,0,1,0
+242:0,0,0,0,1
+243:1,0,0,0,0
+244:0,1,0,0,0
+245:0,0,0,0,1
+246:1,0,0,0,0
+247:0,1,0,0,0
+248:0,0,1,0,0
+249:0,0,0,1,0
+250:0,0,0,0,1
+251:1,0,0,0,0
+252:0,1,0,0,0
+253:0,0,1,0,0
+254:0,0,0,1,0
+255:0,0,0,0,1
+256:1,0,0,0,0
+257:0,1,0,0,0
+258:0,0,1,0,0
+259:0,0,0,1,0
+260:0,0,0,0,1
+261:1,0,0,0,0
+262:0,1,0,0,0
+263:0,0,1,0,0
+264:0,0,0,1,0
+265:0,0,0,0,1
+266:1,0,0,0,0
+267:0,1,0,0,0
+268:0,0,1,0,0
+269:0,0,0,1,0
+270:0,0,0,0,1
+271:1,0,0,0,0
+272:0,1,0,0,0
+273:0,0,1,0,0
+274:0,0,0,1,0
+275:0,0,0,0,1
+276:1,0,0,0,0
+277:0,1,0,0,0
+278:0,0,1,0,0
+279:0,0,0,1,0
+280:0,1,0,0,0
+281:0,0,1,0,0
+282:0,0,0,1,0
+283:0,0,0,0,1
+284:1,0,0,0,0
+285:0,1,0,0,0
+286:0,0,1,0,0
+287:0,0,0,1,0
+288:0,0,0,0,1
+289:1,0,0,0,0
+290:0,1,0,0,0
+291:0,0,1,0,0
+292:0,0,0,1,0
+293:0,0,0,0,1
+294:1,0,0,0,0
+295:0,1,0,0,0
+296:0,0,1,0,0
+297:0,0,0,1,0
+298:0,0,0,0,1
+299:1,0,0,0,0
+300:0,1,0,0,0
+301:0,0,1,0,0
+302:0,0,0,1,0
+303:0,0,0,0,1
+304:1,0,0,0,0
+305:0,1,0,0,0
+306:0,0,1,0,0
+307:0,0,0,1,0
+308:0,0,0,0,1
+309:1,0,0,0,0
+310:0,1,0,0,0
+311:0,0,1,0,0
+312:0,0,0,1,0
+313:0,0,0,0,1
+314:1,0,0,0,0
+315:0,0,0,1,0
+316:0,0,0,0,1
+317:1,0,0,0,0
+318:0,1,0,0,0
+319:0,0,1,0,0
+320:0,0,0,1,0
+321:0,0,0,0,1
+322:1,0,0,0,0
+323:0,1,0,0,0
+324:0,0,1,0,0
+325:0,0,0,1,0
+326:0,0,0,0,1
+327:1,0,0,0,0
+328:0,1,0,0,0
+329:0,0,1,0,0
+330:0,0,0,1,0
+331:0,0,0,0,1
+332:1,0,0,0,0
+333:0,1,0,0,0
+334:0,0,1,0,0
+335:0,0,0,1,0
+336:0,0,0,0,1
+337:1,0,0,0,0
+338:0,1,0,0,0
+339:0,0,1,0,0
+340:0,0,0,1,0
+341:0,0,0,0,1
+342:1,0,0,0,0
+343:0,1,0,0,0
+344:0,0,1,0,0
+345:0,0,0,1,0
+346:0,0,0,0,1
+347:1,0,0,0,0
+348:0,1,0,0,0
+349:0,0,1,0,0
+350:1,0,0,0,0
+351:0,1,0,0,0
+352:0,0,1,0,0
+353:0,0,0,1,0
+354:0,0,0,0,1
+355:1,0,0,0,0
+356:0,1,0,0,0
+357:0,0,1,0,0
+358:0,0,0,1,0
+359:0,0,0,0,1
+360:1,0,0,0,0
+361:0,1,0,0,0
+362:0,0,1,0,0
+363:0,0,0,1,0
+364:0,0,0,0,1
+365:1,0,0,0,0
+366:0,1,0,0,0
+367:0,0,1,0,0
+368:0,0,0,1,0
+369:0,0,0,0,1
+370:1,0,0,0,0
+371:0,1,0,0,0
+372:0,0,1,0,0
+373:0,0,0,1,0
+374:0,0,0,0,1
+375:1,0,0,0,0
+376:0,1,0,0,0
+377:0,0,1,0,0
+378:0,0,0,1,0
+379:0,0,0,0,1
+380:1,0,0,0,0
+381:0,1,0,0,0
+382:0,0,1,0,0
+383:0,0,0,1,0
+384:0,0,0,0,1
+385:0,0,1,0,0
+386:0,0,0,1,0
+387:0,0,0,0,1
+388:1,0,0,0,0
+389:0,1,0,0,0
+390:0,0,1,0,0
+391:0,0,0,1,0
+392:0,0,0,0,1
+393:1,0,0,0,0
+394:0,1,0,0,0
+395:0,0,1,0,0
+396:0,0,0,1,0
+397:0,0,0,0,1
+398:1,0,0,0,0
+399:0,1,0,0,0
+400:0,0,1,0,0
+401:0,0,0,1,0
+402:0,0,0,0,1
+403:1,0,0,0,0
+404:0,1,0,0,0
+405:0,0,1,0,0
+406:0,0,0,1,0
+407:0,0,0,0,1
+408:1,0,0,0,0
+409:0,1,0,0,0
+410:0,0,1,0,0
+411:0,0,0,1,0
+412:0,0,0,0,1
+413:1,0,0,0,0
+414:0,1,0,0,0
+415:0,0,1,0,0
+416:0,0,0,1,0
+417:0,0,0,0,1
+418:1,0,0,0,0
+419:0,1,0,0,0
+420:0,0,0,0,1
+421:1,0,0,0,0
+422:0,1,0,0,0
+423:0,0,1,0,0
+424:0,0,0,1,0
+425:0,0,0,0,1
+426:1,0,0,0,0
+427:0,1,0,0,0
+428:0,0,1,0,0
+429:0,0,0,1,0
+430:0,0,0,0,1
+431:1,0,0,0,0
+432:0,1,0,0,0
+433:0,0,1,0,0
+434:0,0,0,1,0
+435:0,0,0,0,1
+436:1,0,0,0,0
+437:0,1,0,0,0
+438:0,0,1,0,0
+439:0,0,0,1,0
+440:0,0,0,0,1
+441:1,0,0,0,0
+442:0,1,0,0,0
+443:0,0,1,0,0
+444:0,0,0,1,0
+445:0,0,0,0,1
+446:1,0,0,0,0
+447:0,1,0,0,0
+448:0,0,1,0,0
+449:0,0,0,1,0
+450:0,0,0,0,1
+451:1,0,0,0,0
+452:0,1,0,0,0
+453:0,0,1,0,0
+454:0,0,0,1,0
+455:0,1,0,0,0
+456:0,0,1,0,0
+457:0,0,0,1,0
+458:0,0,0,0,1
+459:1,0,0,0,0
+460:0,1,0,0,0
+461:0,0,1,0,0
+462:0,0,0,1,0
+463:0,0,0,0,1
+464:1,0,0,0,0
+465:0,1,0,0,0
+466:0,0,1,0,0
+467:0,0,0,1,0
+468:0,0,0,0,1
+469:1,0,0,0,0
+470:0,1,0,0,0
+471:0,0,1,0,0
+472:0,0,0,1,0
+473:0,0,0,0,1
+474:1,0,0,0,0
+475:0,1,0,0,0
+476:0,0,1,0,0
+477:0,0,0,1,0
+478:0,0,0,0,1
+479:1,0,0,0,0
+480:0,1,0,0,0
+481:0,0,1,0,0
+482:0,0,0,1,0
+483:0,0,0,0,1
+484:1,0,0,0,0
+485:0,1,0,0,0
+486:0,0,1,0,0
+487:0,0,0,1,0
+488:0,0,0,0,1
+489:1,0,0,0,0
+490:0,0,0,1,0
+491:0,0,0,0,1
+492:1,0,0,0,0
+493:0,1,0,0,0
+494:0,0,1,0,0
+495:0,0,0,1,0
+496:0,0,0,0,1
+497:1,0,0,0,0
+498:0,1,0,0,0
+499:0,0,1,0,0
+500:0,0,0,1,0
+501:0,0,0,0,1
+502:1,0,0,0,0
+503:0,1,0,0,0
+504:0,0,1,0,0
+505:0,0,0,1,0
+506:0,0,0,0,1
+507:1,0,0,0,0
+508:0,1,0,0,0
+509:0,0,1,0,0
+510:0,0,0,1,0
+511:0,0,0,0,1
+512:1,0,0,0,0
+513:0,1,0,0,0
+514:0,0,1,0,0
+515:0,0,0,1,0
+516:0,0,0,0,1
+517:1,0,0,0,0
+518:0,1,0,0,0
+519:0,0,1,0,0
+520:0,0,0,1,0
+521:0,0,0,0,1
+522:1,0,0,0,0
+523:0,1,0,0,0
+524:0,0,1,0,0
+525:1,0,0,0,0
+526:0,1,0,0,0
+527:0,0,1,0,0
+528:0,0,0,1,0
+529:0,0,0,0,1
+530:1,0,0,0,0
+531:0,1,0,0,0
+532:0,0,1,0,0
+533:0,0,0,1,0
+534:0,0,0,0,1
+535:1,0,0,0,0
+536:0,1,0,0,0
+537:0,0,1,0,0
+538:0,0,0,1,0
+539:0,0,0,0,1
+540:1,0,0,0,0
+541:0,1,0,0,0
+542:0,0,1,0,0
+543:0,0,0,1,0
+544:0,0,0,0,1
+545:1,0,0,0,0
+546:0,1,0,0,0
+547:0,0,1,0,0
+548:0,0,0,1,0
+549:0,0,0,0,1
+550:1,0,0,0,0
+551:0,1,0,0,0
+552:0,0,1,0,0
+553:0,0,0,1,0
+554:0,0,0,0,1
+555:1,0,0,0,0
+556:0,1,0,0,0
+557:0,0,1,0,0
+558:0,0,0,1,0
+559:0,0,0,0,1
+560:0,0,1,0,0
+561:0,0,0,1,0
+562:0,0,0,0,1
+563:1,0,0,0,0
+564:0,1,0,0,0
+565:0,0,1,0,0
+566:0,0,0,1,0
+567:0,0,0,0,1
+568:1,0,0,0,0
+569:0,1,0,0,0
+570:0,0,1,0,0
+571:0,0,0,1,0
+572:0,0,0,0,1
+573:1,0,0,0,0
+574:0,1,0,0,0
+575:0,0,1,0,0
+576:0,0,0,1,0
+577:0,0,0,0,1
+578:1,0,0,0,0
+579:0,1,0,0,0
+580:0,0,1,0,0
+581:0,0,0,1,0
+582:0,0,0,0,1
+583:1,0,0,0,0
+584:0,1,0,0,0
+585:0,0,1,0,0
+586:0,0,0,1,0
+587:0,0,0,0,1
+588:1,0,0,0,0
+589:0,1,0,0,0
+590:0,0,1,0,0
+591:0,0,0,1,0
+592:0,0,0,0,1
+593:1,0,0,0,0
+594:0,1,0,0,0
+595:0,0,0,0,1
+596:1,0,0,0,0
+597:0,1,0,0,0
+598:0,0,1,0,0
+599:0,0,0,1,0
+600:0,0,0,0,1
+601:1,0,0,0,0
+602:0,1,0,0,0
+603:0,0,1,0,0
+604:0,0,0,1,0
+605:0,0,0,0,1
+606:1,0,0,0,0
+607:0,1,0,0,0
+608:0,0,1,0,0
+609:0,0,0,1,0
+610:0,0,0,0,1
+611:1,0,0,0,0
+612:0,1,0,0,0
+613:0,0,1,0,0
+614:0,0,0,1,0
+615:0,0,0,0,1
+616:1,0,0,0,0
+617:0,1,0,0,0
+618:0,0,1,0,0
+619:0,0,0,1,0
+620:0,0,0,0,1
+621:1,0,0,0,0
+622:0,1,0,0,0
+623:0,0,1,0,0
+624:0,0,0,1,0
+625:0,0,0,0,1
+626:1,0,0,0,0
+627:0,1,0,0,0
+628:0,0,1,0,0
+629:0,0,0,1,0
+630:0,1,0,0,0
+631:0,0,1,0,0
+632:0,0,0,1,0
+633:0,0,0,0,1
+634:1,0,0,0,0
+635:0,1,0,0,0
+636:0,0,1,0,0
+637:0,0,0,1,0
+638:0,0,0,0,1
+639:1,0,0,0,0
+640:0,1,0,0,0
+641:0,0,1,0,0
+642:0,0,0,1,0
+643:0,0,0,0,1
+644:1,0,0,0,0
+645:0,1,0,0,0
+646:0,0,1,0,0
+647:0,0,0,1,0
+648:0,0,0,0,1
+649:1,0,0,0,0
+650:0,1,0,0,0
+651:0,0,1,0,0
+652:0,0,0,1,0
+653:0,0,0,0,1
+654:1,0,0,0,0
+655:0,1,0,0,0
+656:0,0,1,0,0
+657:0,0,0,1,0
+658:0,0,0,0,1
+659:1,0,0,0,0
+660:0,1,0,0,0
+661:0,0,1,0,0
+662:0,0,0,1,0
+663:0,0,0,0,1
+664:1,0,0,0,0
+665:0,0,0,1,0
+666:0,0,0,0,1
+667:1,0,0,0,0
+668:0,1,0,0,0
+669:0,0,1,0,0
+670:0,0,0,1,0
+671:0,0,0,0,1
+672:1,0,0,0,0
+673:0,1,0,0,0
+674:0,0,1,0,0
+675:0,0,0,1,0
+676:0,0,0,0,1
+677:1,0,0,0,0
+678:0,1,0,0,0
+679:0,0,1,0,0
+680:0,0,0,1,0
+681:0,0,0,0,1
+682:1,0,0,0,0
+683:0,1,0,0,0
+684:0,0,1,0,0
+685:0,0,0,1,0
+686:0,0,0,0,1
+687:1,0,0,0,0
+688:0,1,0,0,0
+689:0,0,1,0,0
+690:0,0,0,1,0
+691:0,0,0,0,1
+692:1,0,0,0,0
+693:0,1,0,0,0
+694:0,0,1,0,0
+695:0,0,0,1,0
+696:0,0,0,0,1
+697:1,0,0,0,0
+698:0,1,0,0,0
+699:0,0,1,0,0
+700:1,0,0,0,0
+701:0,1,0,0,0
+702:0,0,1,0,0
+703:0,0,0,1,0
+704:0,0,0,0,1
+705:1,0,0,0,0
+706:0,1,0,0,0
+707:0,0,1,0,0
+708:0,0,0,1,0
+709:0,0,0,0,1
+710:1,0,0,0,0
+711:0,1,0,0,0
+712:0,0,1,0,0
+713:0,0,0,1,0
+714:0,0,0,0,1
+715:1,0,0,0,0
+716:0,1,0,0,0
+717:0,0,1,0,0
+718:0,0,0,1,0
+719:0,0,0,0,1
+720:1,0,0,0,0
+721:0,1,0,0,0
+722:0,0,1,0,0
+723:0,0,0,1,0
+724:0,0,0,0,1
+725:1,0,0,0,0
+726:0,1,0,0,0
+727:0,0,1,0,0
+728:0,0,0,1,0
+729:0,0,0,0,1
+730:1,0,0,0,0
+731:0,1,0,0,0
+732:0,0,1,0,0
+733:0,0,0,1,0
+734:0,0,0,0,1
+735:0,0,1,0,0
+736:0,0,0,1,0
+737:0,0,0,0,1
+738:1,0,0,0,0
+739:0,1,0,0,0
+740:0,0,1,0,0
+741:0,0,0,1,0
+742:0,0,0,0,1
+743:1,0,0,0,0
+744:0,1,0,0,0
+745:0,0,1,0,0
+746:0,0,0,1,0
+747:0,0,0,0,1
+748:1,0,0,0,0
+749:0,1,0,0,0
+750:0,0,1,0,0
+751:0,0,0,1,0
+752:0,0,0,0,1
+753:1,0,0,0,0
+754:0,1,0,0,0
+755:0,0,1,0,0
+756:0,0,0,1,0
+757:0,0,0,0,1
+758:1,0,0,0,0
+759:0,1,0,0,0
+760:0,0,1,0,0
+761:0,0,0,1,0
+762:0,0,0,0,1
+763:1,0,0,0,0
+764:0,1,0,0,0
+765:0,0,1,0,0
+766:0,0,0,1,0
+767:0,0,0,0,1
+768:1,0,0,0,0
+769:0,1,0,0,0
+770:0,0,0,0,1
+771:1,0,0,0,0
+772:0,1,0,0,0
+773:0,0,1,0,0
+774:0,0,0,1,0
+775:0,0,0,0,1
+776:1,0,0,0,0
+777:0,1,0,0,0
+778:0,0,1,0,0
+779:0,0,0,1,0
+780:0,0,0,0,1
+781:1,0,0,0,0
+782:0,1,0,0,0
+783:0,0,1,0,0
+784:0,0,0,1,0
+785:0,0,0,0,1
+786:1,0,0,0,0
+787:0,1,0,0,0
+788:0,0,1,0,0
+789:0,0,0,1,0
+790:0,0,0,0,1
+791:1,0,0,0,0
+792:0,1,0,0,0
+793:0,0,1,0,0
+794:0,0,0,1,0
+795:0,0,0,0,1
+796:1,0,0,0,0
+797:0,1,0,0,0
+798:0,0,1,0,0
+799:0,0,0,1,0
+800:0,0,0,0,1
+801:1,0,0,0,0
+802:0,1,0,0,0
+803:0,0,1,0,0
+804:0,0,0,1,0
+805:0,1,0,0,0
+806:0,0,1,0,0
+807:0,0,0,1,0
+808:0,0,0,0,1
+809:1,0,0,0,0
+810:0,1,0,0,0
+811:0,0,1,0,0
+812:0,0,0,1,0
+813:0,0,0,0,1
+814:1,0,0,0,0
+815:0,1,0,0,0
+816:0,0,1,0,0
+817:0,0,0,1,0
+818:0,0,0,0,1
+819:1,0,0,0,0
+820:0,1,0,0,0
+821:0,0,1,0,0
+822:0,0,0,1,0
+823:0,0,0,0,1
+824:1,0,0,0,0
+825:0,1,0,0,0
+826:0,0,1,0,0
+827:0,0,0,1,0
+828:0,0,0,0,1
+829:1,0,0,0,0
+830:0,1,0,0,0
+831:0,0,1,0,0
+832:0,0,0,1,0
+833:0,0,0,0,1
+834:1,0,0,0,0
+835:0,1,0,0,0
+836:0,0,1,0,0
+837:0,0,0,1,0
+838:0,0,0,0,1
+839:1,0,0,0,0
+840:0,0,0,1,0
+841:0,0,0,0,1
+842:1,0,0,0,0
+843:0,1,0,0,0
+844:0,0,1,0,0
+845:0,0,0,1,0
+846:0,0,0,0,1
+847:1,0,0,0,0
+848:0,1,0,0,0
+849:0,0,1,0,0
+850:0,0,0,1,0
+851:0,0,0,0,1
+852:1,0,0,0,0
+853:0,1,0,0,0
+854:0,0,1,0,0
+855:0,0,0,1,0
+856:0,0,0,0,1
+857:1,0,0,0,0
+858:0,1,0,0,0
+859:0,0,1,0,0
+860:0,0,0,1,0
+861:0,0,0,0,1
+862:1,0,0,0,0
+863:0,1,0,0,0
+864:0,0,1,0,0
+865:0,0,0,1,0
+866:0,0,0,0,1
+867:1,0,0,0,0
+868:0,1,0,0,0
+869:0,0,1,0,0
+870:0,0,0,1,0
+871:0,0,0,0,1
+872:1,0,0,0,0
+873:0,1,0,0,0
+874:0,0,1,0,0
+875:1,0,0,0,0
+876:0,1,0,0,0
+877:0,0,1,0,0
+878:0,0,0,1,0
+879:0,0,0,0,1
+880:1,0,0,0,0
+881:0,1,0,0,0
+882:0,0,1,0,0
+883:0,0,0,1,0
+884:0,0,0,0,1
+885:1,0,0,0,0
+886:0,1,0,0,0
+887:0,0,1,0,0
+888:0,0,0,1,0
+889:0,0,0,0,1
+890:1,0,0,0,0
+891:0,1,0,0,0
+892:0,0,1,0,0
+893:0,0,0,1,0
+894:0,0,0,0,1
+895:1,0,0,0,0
+896:0,1,0,0,0
+897:0,0,1,0,0
+898:0,0,0,1,0
+899:0,0,0,0,1
+900:1,0,0,0,0
+901:0,1,0,0,0
+902:0,0,1,0,0
+903:0,0,0,1,0
+904:0,0,0,0,1
+905:1,0,0,0,0
+906:0,1,0,0,0
+907:0,0,1,0,0
+908:0,0,0,1,0
+909:0,0,0,0,1
+910:0,0,1,0,0
+911:0,0,0,1,0
+912:0,0,0,0,1
+913:1,0,0,0,0
+914:0,1,0,0,0
+915:0,0,1,0,0
+916:0,0,0,1,0
+917:0,0,0,0,1
+918:1,0,0,0,0
+919:0,1,0,0,0
+920:0,0,1,0,0
+921:0,0,0,1,0
+922:0,0,0,0,1
+923:1,0,0,0,0
+924:0,1,0,0,0
+925:0,0,1,0,0
+926:0,0,0,1,0
+927:0,0,0,0,1
+928:1,0,0,0,0
+929:0,1,0,0,0
+930:0,0,1,0,0
+931:0,0,0,1,0
+932:0,0,0,0,1
+933:1,0,0,0,0
+934:0,1,0,0,0
+935:0,0,1,0,0
+936:0,0,0,1,0
+937:0,0,0,0,1
+938:1,0,0,0,0
+939:0,1,0,0,0
+940:0,0,1,0,0
+941:0,0,0,1,0
+942:0,0,0,0,1
+943:1,0,0,0,0
+944:0,1,0,0,0
+945:0,0,0,0,1
+946:1,0,0,0,0
+947:0,1,0,0,0
+948:0,0,1,0,0
+949:0,0,0,1,0
+950:0,0,0,0,1
+951:1,0,0,0,0
+952:0,1,0,0,0
+953:0,0,1,0,0
+954:0,0,0,1,0
+955:0,0,0,0,1
+956:1,0,0,0,0
+957:0,1,0,0,0
+958:0,0,1,0,0
+959:0,0,0,1,0
+960:0,0,0,0,1
+961:1,0,0,0,0
+962:0,1,0,0,0
+963:0,0,1,0,0
+964:0,0,0,1,0
+965:0,0,0,0,1
+966:1,0,0,0,0
+967:0,1,0,0,0
+968:0,0,1,0,0
+969:0,0,0,1,0
+970:0,0,0,0,1
+971:1,0,0,0,0
+972:0,1,0,0,0
+973:0,0,1,0,0
+974:0,0,0,1,0
+975:0,0,0,0,1
+976:1,0,0,0,0
+977:0,1,0,0,0
+978:0,0,1,0,0
+979:0,0,0,1,0
+980:0,1,0,0,0
+981:0,0,1,0,0
+982:0,0,0,1,0
+983:0,0,0,0,1
+984:1,0,0,0,0
+985:0,1,0,0,0
+986:0,0,1,0,0
+987:0,0,0,1,0
+988:0,0,0,0,1
+989:1,0,0,0,0
+990:0,1,0,0,0
+991:0,0,1,0,0
+992:0,0,0,1,0
+993:0,0,0,0,1
+994:1,0,0,0,0
+995:0,1,0,0,0
+996:0,0,1,0,0
+997:0,0,0,1,0
+998:0,0,0,0,1
+999:1,0,0,0,0
+1000:0,1,0,0,0
+1001:0,0,1,0,0
+1002:0,0,0,1,0
+1003:0,0,0,0,1
+1004:1,0,0,0,0
+1005:0,1,0,0,0
+1006:0,0,1,0,0
+1007:0,0,0,1,0
+1008:0,0,0,0,1
+1009:1,0,0,0,0
+1010:0,1,0,0,0
+1011:0,0,1,0,0
+1012:0,0,0,1,0
+1013:0,0,0,0,1
+1014:1,0,0,0,0
+1015:0,0,0,1,0
+1016:0,0,0,0,1
+1017:1,0,0,0,0
+1018:0,1,0,0,0
+1019:0,0,1,0,0
+1020:0,0,0,1,0
+1021:0,0,0,0,1
+1022:1,0,0,0,0
+1023:0,1,0,0,0
+1024:0,0,1,0,0
+1025:0,0,0,1,0
+1026:0,0,0,0,1
+1027:1,0,0,0,0
+1028:0,1,0,0,0
+1029:0,0,1,0,0
+1030:0,0,0,1,0
+1031:0,0,0,0,1
+1032:1,0,0,0,0
+1033:0,1,0,0,0
+1034:0,0,1,0,0
+1035:0,0,0,1,0
+1036:0,0,0,0,1
+1037:1,0,0,0,0
+1038:0,1,0,0,0
+1039:0,0,1,0,0
+1040:0,0,0,1,0
+1041:0,0,0,0,1
+1042:1,0,0,0,0
+1043:0,1,0,0,0
+1044:0,0,1,0,0
+1045:0,0,0,1,0
+1046:0,0,0,0,1
+1047:1,0,0,0,0
+1048:0,1,0,0,0
+1049:0,0,1,0,0
+1050:1,0,0,0,0
+1051:0,1,0,0,0
+1052:0,0,1,0,0
+1053:0,0,0,1,0
+1054:0,0,0,0,1
+1055:1,0,0,0,0
+1056:0,1,0,0,0
+1057:0,0,1,0,0
+1058:0,0,0,1,0
+1059:0,0,0,0,1
+1060:1,0,0,0,0
+1061:0,1,0,0,0
+1062:0,0,1,0,0
+1063:0,0,0,1,0
+1064:0,0,0,0,1
+1065:1,0,0,0,0
+1066:0,1,0,0,0
+1067:0,0,1,0,0
+1068:0,0,0,1,0
+1069:0,0,0,0,1
+1070:1,0,0,0,0
+1071:0,1,0,0,0
+1072:0,0,1,0,0
+1073:0,0,0,1,0
+1074:0,0,0,0,1
+1075:1,0,0,0,0
+1076:0,1,0,0,0
+1077:0,0,1,0,0
+1078:0,0,0,1,0
+1079:0,0,0,0,1
+1080:1,0,0,0,0
+1081:0,1,0,0,0
+1082:0,0,1,0,0
+1083:0,0,0,1,0
+1084:0,0,0,0,1
+1085:0,0,1,0,0
+1086:0,0,0,1,0
+1087:0,0,0,0,1
+1088:1,0,0,0,0
+1089:0,1,0,0,0
+1090:0,0,1,0,0
+1091:0,0,0,1,0
+1092:0,0,0,0,1
+1093:1,0,0,0,0
+1094:0,1,0,0,0
+1095:0,0,1,0,0
+1096:0,0,0,1,0
+1097:0,0,0,0,1
+1098:1,0,0,0,0
+1099:0,1,0,0,0
+1100:0,0,1,0,0
+1101:0,0,0,1,0
+1102:0,0,0,0,1
+1103:1,0,0,0,0
+1104:0,1,0,0,0
+1105:0,0,1,0,0
+1106:0,0,0,1,0
+1107:0,0,0,0,1
+1108:1,0,0,0,0
+1109:0,1,0,0,0
+1110:0,0,1,0,0
+1111:0,0,0,1,0
+1112:0,0,0,0,1
+1113:1,0,0,0,0
+1114:0,1,0,0,0
+1115:0,0,1,0,0
+1116:0,0,0,1,0
+1117:0,0,0,0,1
+1118:1,0,0,0,0
+1119:0,1,0,0,0
+1120:0,0,0,0,1
+1121:1,0,0,0,0
+1122:0,1,0,0,0
+1123:0,0,1,0,0
+1124:0,0,0,1,0
+1125:0,0,0,0,1
+1126:1,0,0,0,0
+1127:0,1,0,0,0
+1128:0,0,1,0,0
+1129:0,0,0,1,0
+1130:0,0,0,0,1
+1131:1,0,0,0,0
+1132:0,1,0,0,0
+1133:0,0,1,0,0
+1134:0,0,0,1,0
+1135:0,0,0,0,1
+1136:1,0,0,0,0
+1137:0,1,0,0,0
+1138:0,0,1,0,0
+1139:0,0,0,1,0
+1140:0,0,0,0,1
+1141:1,0,0,0,0
+1142:0,1,0,0,0
+1143:0,0,1,0,0
+1144:0,0,0,1,0
+1145:0,0,0,0,1
+1146:1,0,0,0,0
+1147:0,1,0,0,0
+1148:0,0,1,0,0
+1149:0,0,0,1,0
+1150:0,0,0,0,1
+1151:1,0,0,0,0
+1152:0,1,0,0,0
+1153:0,0,1,0,0
+1154:0,0,0,1,0
+1155:0,1,0,0,0
+1156:0,0,1,0,0
+1157:0,0,0,1,0
+1158:0,0,0,0,1
+1159:1,0,0,0,0
+1160:0,1,0,0,0
+1161:0,0,1,0,0
+1162:0,0,0,1,0
+1163:0,0,0,0,1
+1164:1,0,0,0,0
+1165:0,1,0,0,0
+1166:0,0,1,0,0
+1167:0,0,0,1,0
+1168:0,0,0,0,1
+1169:1,0,0,0,0
+1170:0,1,0,0,0
+1171:0,0,1,0,0
+1172:0,0,0,1,0
+1173:0,0,0,0,1
+1174:1,0,0,0,0
+1175:0,1,0,0,0
+1176:0,0,1,0,0
+1177:0,0,0,1,0
+1178:0,0,0,0,1
+1179:1,0,0,0,0
+1180:0,1,0,0,0
+1181:0,0,1,0,0
+1182:0,0,0,1,0
+1183:0,0,0,0,1
+1184:1,0,0,0,0
+1185:0,1,0,0,0
+1186:0,0,1,0,0
+1187:0,0,0,1,0
+1188:0,0,0,0,1
+1189:1,0,0,0,0
+1190:0,0,0,1,0
+1191:0,0,0,0,1
+1192:1,0,0,0,0
+1193:0,1,0,0,0
+1194:0,0,1,0,0
+1195:0,0,0,1,0
+1196:0,0,0,0,1
+1197:1,0,0,0,0
+1198:0,1,0,0,0
+1199:0,0,1,0,0
+1200:0,0,0,1,0
+1201:0,0,0,0,1
+1202:1,0,0,0,0
+1203:0,1,0,0,0
+1204:0,0,1,0,0
+1205:0,0,0,1,0
+1206:0,0,0,0,1
+1207:1,0,0,0,0
+1208:0,1,0,0,0
+1209:0,0,1,0,0
+1210:0,0,0,1,0
+1211:0,0,0,0,1
+1212:1,0,0,0,0
+1213:0,1,0,0,0
+1214:0,0,1,0,0
+1215:0,0,0,1,0
+1216:0,0,0,0,1
+1217:1,0,0,0,0
+1218:0,1,0,0,0
+1219:0,0,1,0,0
+1220:0,0,0,1,0
+1221:0,0,0,0,1
+1222:1,0,0,0,0
+1223:0,1,0,0,0
+1224:0,0,1,0,0
