+0:1,0,0,0,0
+1:0,1,0,0,0
+2:0,0,1,0,0
+3:0,0,0,1,0
+4:0,0,0,0,1
+5:1,0,0,0,0
+6:0,1,0,0,0
+7:0,0,1,0,0
+8:0,0,0,1,0
+9:0,0,0,0,1
+10:1,0,0,0,0
+11:0,1,0,0,0
+12:0,0,1,0,0
+13:0,0,0,1,0
+14:0,0,0,0,1
+15:1,0,0,0,0
+16:0,1,0,0,0
+17:0,0,1,0,0
+18:0,0,0,1,0
+19:0,0,0,0,1
+20:1,0,0,0,0
+21:0,1,0,0,0
+22:0,0,1,0,0
+23:0,0,0,1,0
+24:0,0,0,0,1
+25:1,0,0,0,0
+26:0,1,0,0,0
+27:0,0,1,0,0
+28:0,0,0,1,0
+29:0,0,0,0,1
+30:1,0,0,0,0
+31:0,1,0,0,0
+32:0,0,1,0,0
+33:0,0,0,1,0
+34:0,0,0,0,1
+35:1,0,0,0,0
+36:0,1,0,0,0
+37:0,0,1,0,0
+38:0,0,0,1,0
+39:0,0,0,0,1
+40:1,0,0,0,0
+41:0,1,0,0,0
+42:0,0,1,0,0
+43:0,0,0,1,0
+44:0,0,0,0,1
+45:1,0,0,0,0
+46:0,1,0,0,0
+47:0,0,1,0,0
+48:0,0,0,1,0
+49:0,0,0,0,1
+50:0,0,1,0,0
+51:0,0,0,1,0
+52:0,0,0,0,1
+53:1,0,0,0,0
+54:0,1,0,0,0
+55:0,0,1,0,0
+56:0,0,0,1,0
+57:0,0,0,0,1
+58:1,0,0,0,0
+59:0,1,0,0,0
+60:0,0,1,0,0
+61:0,0,0,1,0
+62:0,0,0,0,1
+63:1,0,0,0,0
+64:0,1,0,0,0
+65:0,0,1,0,0
+66:0,0,0,1,0
+67:0,0,0,0,1
+68:1,0,0,0,0
+69:0,1,0,0,0
+70:0,0,1,0,0
+71:0,0,0,1,0
+72:0,0,0,0,1
+73:1,0,0,0,0
+74:0,1,0,0,0
+75:0,0,1,0,0
+76:0,0,0,1,0
+77:0,0,0,0,1
+78:1,0,0,0,0
+79:0,1,0,0,0
+80:0,0,1,0,0
+81:0,0,0,1,0
+82:0,0,0,0,1
+83:1,0,0,0,0
+84:0,1,0,0,0
+85:0,0,1,0,0
+86:0,0,0,1,0
+87:0,0,0,0,1
+88:1,0,0,0,0
+89:0,1,0,0,0
+90:0,0,1,0,0
+91:0,0,0,1,0
+92:0,0,0,0,1
+93:1,0,0,0,0
+94:0,1,0,0,0
+95:0,0,1,0,0
+96:0,0,0,1,0
+97:0,0,0,0,1
+98:1,0,0,0,0
+99:0,1,0,0,0
+100:0,0,0,0,1
+101:1,0,0,0,0
+102:0,1,0,0,0
+103:0,0,1,0,0
+104:0,0,0,1,0
+105:0,0,0,0,1
+106:1,0,0,0,0
+107:0,1,0,0,0
+108:0,0,1,0,0
+109:0,0,0,1,0
+110:0,0,0,0,1
+111:1,0,0,0,0
+112:0,1,0,0,0
+113:0,0,1,0,0
+114:0,0,0,1,0
+115:0,0,0,0,1
+116:1,0,0,0,0
+117:0,1,0,0,0
+118:0,0,1,0,0
+119:0,0,0,1,0
+120:0,0,0,0,1
+121:1,0,0,0,0
+122:0,1,0,0,0
+123:0,0,1,0,0
+124:0,0,0,1,0
+125:0,0,0,0,1
+126:1,0,0,0,0
+127:0,1,0,0,0
+128:0,0,1,0,0
+129:0,0,0,1,0
+130:0,0,0,0,1
+131:1,0,0,0,0
+132:0,1,0,0,0
+133:0,0,1,0,0
+134:0,0,0,1,0
+135:0,0,0,0,1
+136:1,0,0,0,0
+137:0,1,0,0,0
+138:0,0,1,0,0
+139:0,0,0,1,0
+140:0,0,0,0,1
+141:1,0,0,0,0
+142:0,1,0,0,0
+143:0,0,1,0,0
+144:0,0,0,1,0
+145:0,0,0,0,1
+146:1,0,0,0,0
+147:0,1,0,0,0
+148:0,0,1,0,0
+149:0,0,0,1,0
+150:0,1,0,0,0
+151:0,0,1,0,0
+152:0,0,0,1,0
+153:0,0,0,0,1
+154:1,0,0,0,0
+155:0,1,0,0,0
+156:0,0,1,0,0
+157:0,0,0,1,0
+158:0,0,0,0,1
+159:1,0,0,0,0
+160:0,1,0,0,0
+161:0,0,1,0,0
+162:0,0,0,1,0
+163:0,0,0,0,1
+164:1,0,0,0,0
+165:0,1,0,0,0
+166:0,0,1,0,0
+167:0,0,0,1,0
+168:0,0,0,0,1
+169:1,0,0,0,0
+170:0,1,0,0,0
+171:0,0,1,0,0
+172:0,0,0,1,0
+173:0,0,0,0,1
+174:1,0,0,0,0
+175:0,1,0,0,0
+176:0,0,1,0,0
+177:0,0,0,1,0
+178:0,0,0,0,1
+179:1,0,0,0,0
+180:0,1,0,0,0
+181:0,0,1,0,0
+182:0,0,0,1,0
+183:0,0,0,0,1
+184:1,0,0,0,0
+185:0,1,0,0,0
+186:0,0,1,0,0
+187:0,0,0,1,0
+188:0,0,0,0,1
+189:1,0,0,0,0
+190:0,1,0,0,0
+191:0,0,1,0,0
+192:0,0,0,1,0
+193:0,0,0,0,1
+194:1,0,0,0,0
+195:0,1,0,0,0
+196:0,0,1,0,0
+197:0,0,0,1,0
+198:0,0,0,0,1
+199:1,0,0,0,0
+200:0,0,0,1,0
+201:0,0,0,0,1
+202:1,0,0,0,0
+203:0,1,0,0,0
+204:0,0,1,0,0
+205:0,0,0,1,0
+206:0,0,0,0,1
+207:1,0,0,0,0
+208:0,1,0,0,0
+209:0,0,1,0,0
+210:0,0,0,1,0
+211:0,0,0,0,1
+212:1,0,0,0,0
+213:0,1,0,0,0
+214:0,0,1,0,0
+215:0,0,0,1,0
+216:0,0,0,0,1
+217:1,0,0,0,0
+218:0,1,0,0,0
+219:0,0,1,0,0
+220:0,0,0,1,0
+221:0,0,0,0,1
+222:1,0,0,0,0
+223:0,1,0,0,0
+224:0,0,1,0,0
+225:0,0,0,1,0
+226:0,0,0,0,1
+227:1,0,0,0,0
+228:0,1,0,0,0
+229:0,0,1,0,0
+230:0,0,0,1,0
+231:0,0,0,0,1
+232:1,0,0,0,0
+233:0,1,0,0,0
+234:0,0,1,0,0
+235:0,0,0,1,0
+236:0,0,0,0,1
+237:1,0,0,0,0
+238:0,1,0,0,0
+239:0,0,1,0,0
+240:0,0,0,1,0
+241:0,0,0,0,1
+242:1,0,0,0,0
+243:0,1,0,0,0
+244:0,0,1,0,0
+245:0,0,0,1,0
+246:0,0,0,0,1
+247:1,0,0,0,0
+248:0,1,0,0,0
+249:0,0,1,0,0
+250:1,0,0,0,0
+251:0,1,0,0,0
+252:0,0,1,0,0
+253:0,0,0,1,0
+254:0,0,0,0,1
+255:1,0,0,0,0
+256:0,1,0,0,0
+257:0,0,1,0,0
+258:0,0,0,1,0
+259:0,0,0,0,1
+260:1,0,0,0,0
+261:0,1,0,0,0
+262:0,0,1,0,0
+263:0,0,0,1,0
+264:0,0,0,0,1
+265:1,0,0,0,0
+266:0,1,0,0,0
+267:0,0,1,0,0
+268:0,0,0,1,0
+269:0,0,0,0,1
+270:1,0,0,0,0
+271:0,1,0,0,0
+272:0,0,1,0,0
+273:0,0,0,1,0
+274:0,0,0,0,1
+275:1,0,0,0,0
+276:0,1,0,0,0
+277:0,0,1,0,0
+278:0,0,0,1,0
+279:0,0,0,0,1
+280:1,0,0,0,0
+281:0,1,0,0,0
+282:0,0,1,0,0
+283:0,0,0,1,0
+284:0,0,0,0,1
+285:1,0,0,0,0
+286:0,1,0,0,0
+287:0,0,1,0,0
+288:0,0,0,1,0
+289:0,0,0,0,1
+290:1,0,0,0,0
+291:0,1,0,0,0
+292:0,0,1,0,0
+293:0,0,0,1,0
+294:0,0,0,0,1
+295:1,0,0,0,0
+296:0,1,0,0,0
+297:0,0,1,0,0
+298:0,0,0,1,0
+299:0,0,0,0,1
+300:0,0,1,0,0
+301:0,0,0,1,0
+302:0,0,0,0,1
+303:1,0,0,0,0
+304:0,1,0,0,0
+305:0,0,1,0,0
+306:0,0,0,1,0
+307:0,0,0,0,1
+308:1,0,0,0,0
+309:0,1,0,0,0
+310:0,0,1,0,0
+311:0,0,0,1,0
+312:0,0,0,0,1
+313:1,0,0,0,0
+314:0,1,0,0,0
+315:0,0,1,0,0
+316:0,0,0,1,0
+317:0,0,0,0,1
+318:1,0,0,0,0
+319:0,1,0,0,0
+320:0,0,1,0,0
+321:0,0,0,1,0
+322:0,0,0,0,1
+323:1,0,0,0,0
+324:0,1,0,0,0
+325:0,0,1,0,0
+326:0,0,0,1,0
+327:0,0,0,0,1
+328:1,0,0,0,0
+329:0,1,0,0,0
+330:0,0,1,0,0
+331:0,0,0,1,0
+332:0,0,0,0,1
+333:1,0,0,0,0
+334:0,1,0,0,0
+335:0,0,1,0,0
+336:0,0,0,1,0
+337:0,0,0,0,1
+338:1,0,0,0,0
+339:0,1,0,0,0
+340:0,0,1,0,0
+341:0,0,0,1,0
+342:0,0,0,0,1
+343:1,0,0,0,0
+344:0,1,0,0,0
+345:0,0,1,0,0
+346:0,0,0,1,0
+347:0,0,0,0,1
+348:1,0,0,0,0
+349:0,1,0,0,0
+350:0,0,0,0,1
+351:1,0,0,0,0
+352:0,1,0,0,0
+353:0,0,1,0,0
+354:0,0,0,1,0
+355:0,0,0,0,1
+356:1,0,0,0,0
+357:0,1,0,0,0
+358:0,0,1,0,0
+359:0,0,0,1,0
+360:0,0,0,0,1
+361:1,0,0,0,0
+362:0,1,0,0,0
+363:0,0,1,0,0
+364:0,0,0,1,0
+365:0,0,0,0,1
+366:1,0,0,0,0
+367:0,1,0,0,0
+368:0,0,1,0,0
+369:0,0,0,1,0
+370:0,0,0,0,1
+371:1,0,0,0,0
+372:0,1,0,0,0
+373:0,0,1,0,0
+374:0,0,0,1,0
+375:0,0,0,0,1
+376:1,0,0,0,0
+377:0,1,0,0,0
+378:0,0,1,0,0
+379:0,0,0,1,0
+380:0,0,0,0,1
+381:1,0,0,0,0
+382:0,1,0,0,0
+383:0,0,1,0,0
+384:0,0,0,1,0
+385:0,0,0,0,1
+386:1,0,0,0,0
+387:0,1,0,0,0
+388:0,0,1,0,0
+389:0,0,0,1,0
+390:0,0,0,0,1
+391:1,0,0,0,0
+392:0,1,0,0,0
+393:0,0,1,0,0
+394:0,0,0,1,0
+395:0,0,0,0,1
+396:1,0,0,0,0
+397:0,1,0,0,0
+398:0,0,1,0,0
+399:0,0,0,1,0
+400:0,1,0,0,0
+401:0,0,1,0,0
+402:0,0,0,1,0
+403:0,0,0,0,1
+404:1,0,0,0,0
+405:0,1,0,0,0
+406:0,0,1,0,0
+407:0,0,0,1,0
+408:0,0,0,0,1
+409:1,0,0,0,0
+410:0,1,0,0,0
+411:0,0,1,0,0
+412:0,0,0,1,0
+413:0,0,0,0,1
+414:1,0,0,0,0
+415:0,1,0,0,0
+416:0,0,1,0,0
+417:0,0,0,1,0
+418:0,0,0,0,1
+419:1,0,0,0,0
+420:0,1,0,0,0
+421:0,0,1,0,0
+422:0,0,0,1,0
+423:0,0,0,0,1
+424:1,0,0,0,0
+425:0,1,0,0,0
+426:0,0,1,0,0
+427:0,0,0,1,0
+428:0,0,0,0,1
+429:1,0,0,0,0
+430:0,1,0,0,0
+431:0,0,1,0,0
+432:0,0,0,1,0
+433:0,0,0,0,1
+434:1,0,0,0,0
+435:0,1,0,0,0
+436:0,0,1,0,0
+437:0,0,0,1,0
+438:0,0,0,0,1
+439:1,0,0,0,0
+440:0,1,0,0,0
+441:0,0,1,0,0
+442:0,0,0,1,0
+443:0,0,0,0,1
+444:1,0,0,0,0
+445:0,1,0,0,0
+446:0,0,1,0,0
+447:0,0,0,1,0
+448:0,0,0,0,1
+449:1,0,0,0,0
+450:0,0,0,1,0
+451:0,0,0,0,1
+452:1,0,0,0,0
+453:0,1,0,0,0
+454:0,0,1,0,0
+455:0,0,0,1,0
+456:0,0,0,0,1
+457:1,0,0,0,0
+458:0,1,0,0,0
+459:0,0,1,0,0
+460:0,0,0,1,0
+461:0,0,0,0,1
+462:1,0,0,0,0
+463:0,1,0,0,0
+464:0,0,1,0,0
+465:0,0,0,1,0
+466:0,0,0,0,1
+467:1,0,0,0,0
+468:0,1,0,0,0
+469:0,0,1,0,0
+470:0,0,0,1,0
+471:0,0,0,0,1
+472:1,0,0,0,0
+473:0,1,0,0,0
+474:0,0,1,0,0
+475:0,0,0,1,0
+476:0,0,0,0,1
+477:1,0,0,0,0
+478:0,1,0,0,0
+479:0,0,1,0,0
+480:0,0,0,1,0
+481:0,0,0,0,1
+482:1,0,0,0,0
+483:0,1,0,0,0
+484:0,0,1,0,0
+485:0,0,0,1,0
+486:0,0,0,0,1
+487:1,0,0,0,0
+488:0,1,0,0,0
+489:0,0,1,0,0
+490:0,0,0,1,0
+491:0,0,0,0,1
+492:1,0,0,0,0
+493:0,1,0,0,0
+494:0,0,1,0,0
+495:0,0,0,1,0
+496:0,0,0,0,1
+497:1,0,0,0,0
+498:0,1,0,0,0
+499:0,0,1,0,0
+500:1,0,0,0,0
+501:0,1,0,0,0
+502:0,0,1,0,0
+503:0,0,0,1,0
+504:0,0,0,0,1
+505:1,0,0,0,0
+506:0,1,0,0,0
+507:0,0,1,0,0
+508:0,0,0,1,0
+509:0,0,0,0,1
+510:1,0,0,0,0
+511:0,1,0,0,0
+512:0,0,1,0,0
+513:0,0,0,1,0
+514:0,0,0,0,1
+515:1,0,0,0,0
+516:0,1,0,0,0
+517:0,0,1,0,0
+518:0,0,0,1,0
+519:0,0,0,0,1
+520:1,0,0,0,0
+521:0,1,0,0,0
+522:0,0,1,0,0
+523:0,0,0,1,0
+524:0,0,0,0,1
+525:1,0,0,0,0
+526:0,1,0,0,0
+527:0,0,1,0,0
+528:0,0,0,1,0
+529:0,0,0,0,1
+530:1,0,0,0,0
+531:0,1,0,0,0
+532:0,0,1,0,0
+533:0,0,0,1,0
+534:0,0,0,0,1
+535:1,0,0,0,0
+536:0,1,0,0,0
+537:0,0,1,0,0
+538:0,0,0,1,0
+539:0,0,0,0,1
+540:1,0,0,0,0
+541:0,1,0,0,0
+542:0,0,1,0,0
+543:0,0,0,1,0
+544:0,0,0,0,1
+545:1,0,0,0,0
+546:0,1,0,0,0
+547:0,0,1,0,0
+548:0,0,0,1,0
+549:0,0,0,0,1
+550:0,0,1,0,0
+551:0,0,0,1,0
+552:0,0,0,0,1
+553:1,0,0,0,0
+554:0,1,0,0,0
+555:0,0,1,0,0
+556:0,0,0,1,0
+557:0,0,0,0,1
+558:1,0,0,0,0
+559:0,1,0,0,0
+560:0,0,1,0,0
+561:0,0,0,1,0
+562:0,0,0,0,1
+563:1,0,0,0,0
+564:0,1,0,0,0
+565:0,0,1,0,0
+566:0,0,0,1,0
+567:0,0,0,0,1
+568:1,0,0,0,0
+569:0,1,0,0,0
+570:0,0,1,0,0
+571:0,0,0,1,0
+572:0,0,0,0,1
+573:1,0,0,0,0
+574:0,1,0,0,0
+575:0,0,1,0,0
+576:0,0,0,1,0
+577:0,0,0,0,1
+578:1,0,0,0,0
+579:0,1,0,0,0
+580:0,0,1,0,0
+581:0,0,0,1,0
+582:0,0,0,0,1
+583:1,0,0,0,0
+584:0,1,0,0,0
+585:0,0,1,0,0
+586:0,0,0,1,0
+587:0,0,0,0,1
+588:1,0,0,0,0
+589:0,1,0,0,0
+590:0,0,1,0,0
+591:0,0,0,1,0
+592:0,0,0,0,1
+593:1,0,0,0,0
+594:0,1,0,0,0
+595:0,0,1,0,0
+596:0,0,0,1,0
+597:0,0,0,0,1
+598:1,0,0,0,0
+599:0,1,0,0,0
+600:0,0,0,0,1
+601:1,0,0,0,0
+602:0,1,0,0,0
+603:0,0,1,0,0
+604:0,0,0,1,0
+605:0,0,0,0,1
+606:1,0,0,0,0
+607:0,1,0,0,0
+608:0,0,1,0,0
+609:0,0,0,1,0
+610:0,0,0,0,1
+611:1,0,0,0,0
+612:0,1,0,0,0
+613:0,0,1,0,0
+614:0,0,0,1,0
+615:0,0,0,0,1
+616:1,0,0,0,0
+617:0,1,0,0,0
+618:0,0,1,0,0
+619:0,0,0,1,0
+620:0,0,0,0,1
+621:1,0,0,0,0
+622:0,1,0,0,0
+623:0,0,1,0,0
+624:0,0,0,1,0
+625:0,0,0,0,1
+626:1,0,0,0,0
+627:0,1,0,0,0
+628:0,0,1,0,0
+629:0,0,0,1,0
+630:0,0,0,0,1
+631:1,0,0,0,0
+632:0,1,0,0,0
+633:0,0,1,0,0
+634:0,0,0,1,0
+635:0,0,0,0,1
+636:1,0,0,0,0
+637:0,1,0,0,0
+638:0,0,1,0,0
+639:0,0,0,1,0
+640:0,0,0,0,1
+641:1,0,0,0,0
+642:0,1,0,0,0
+643:0,0,1,0,0
+644:0,0,0,1,0
+645:0,0,0,0,1
+646:1,0,0,0,0
+647:0,1,0,0,0
+648:0,0,1,0,0
+649:0,0,0,1,0
+650:0,1,0,0,0
+651:0,0,1,0,0
+652:0,0,0,1,0
+653:0,0,0,0,1
+654:1,0,0,0,0
+655:0,1,0,0,0
+656:0,0,1,0,0
+657:0,0,0,1,0
+658:0,0,0,0,1
+659:1,0,0,0,0
+660:0,1,0,0,0
+661:0,0,1,0,0
+662:0,0,0,1,0
+663:0,0,0,0,1
+664:1,0,0,0,0
+665:0,1,0,0,0
+666:0,0,1,0,0
+667:0,0,0,1,0
+668:0,0,0,0,1
+669:1,0,0,0,0
+670:0,1,0,0,0
+671:0,0,1,0,0
+672:0,0,0,1,0
+673:0,0,0,0,1
+674:1,0,0,0,0
+675:0,1,0,0,0
+676:0,0,1,0,0
+677:0,0,0,1,0
+678:0,0,0,0,1
+679:1,0,0,0,0
+680:0,1,0,0,0
+681:0,0,1,0,0
+682:0,0,0,1,0
+683:0,0,0,0,1
+684:1,0,0,0,0
+685:0,1,0,0,0
+686:0,0,1,0,0
+687:0,0,0,1,0
+688:0,0,0,0,1
+689:1,0,0,0,0
+690:0,1,0,0,0
+691:0,0,1,0,0
+692:0,0,0,1,0
+693:0,0,0,0,1
+694:1,0,0,0,0
+695:0,1,0,0,0
+696:0,0,1,0,0
+697:0,0,0,1,0
+698:0,0,0,0,1
+699:1,0,0,0,0
+700:0,0,0,1,0
+701:0,0,0,0,1
+702:1,0,0,0,0
+703:0,1,0,0,0
+704:0,0,1,0,0
+705:0,0,0,1,0
+706:0,0,0,0,1
+707:1,0,0,0,0
+708:0,1,0,0,0
+709:0,0,1,0,0
+710:0,0,0,1,0
+711:0,0,0,0,1
+712:1,0,0,0,0
+713:0,1,0,0,0
+714:0,0,1,0,0
+715:0,0,0,1,0
+716:0,0,0,0,1
+717:1,0,0,0,0
+718:0,1,0,0,0
+719:0,0,1,0,0
+720:0,0,0,1,0
+721:0,0,0,0,1
+722:1,0,0,0,0
+723:0,1,0,0,0
+724:0,0,1,0,0
+725:0,0,0,1,0
+726:0,0,0,0,1
+727:1,0,0,0,0
+728:0,1,0,0,0
+729:0,0,1,0,0
+730:0,0,0,1,0
+731:0,0,0,0,1
+732:1,0,0,0,0
+733:0,1,0,0,0
+734:0,0,1,0,0
+735:0,0,0,1,0
+736:0,0,0,0,1
+737:1,0,0,0,0
+738:0,1,0,0,0
+739:0,0,1,0,0
+740:0,0,0,1,0
+741:0,0,0,0,1
+742:1,0,0,0,0
+743:0,1,0,0,0
+744:0,0,1,0,0
+745:0,0,0,1,0
+746:0,0,0,0,1
+747:1,0,0,0,0
+748:0,1,0,0,0
+749:0,0,1,0,0
+750:1,0,0,0,0
+751:0,1,0,0,0
+752:0,0,1,0,0
+753:0,0,0,1,0
+754:0,0,0,0,1
+755:1,0,0,0,0
+756:0,1,0,0,0
+757:0,0,1,0,0
+758:0,0,0,1,0
+759:0,0,0,0,1
+760:1,0,0,0,0
+761:0,1,0,0,0
+762:0,0,1,0,0
+763:0,0,0,1,0
+764:0,0,0,0,1
+765:1,0,0,0,0
+766:0,1,0,0,0
+767:0,0,1,0,0
+768:0,0,0,1,0
+769:0,0,0,0,1
+770:1,0,0,0,0
+771:0,1,0,0,0
+772:0,0,1,0,0
+773:0,0,0,1,0
+774:0,0,0,0,1
+775:1,0,0,0,0
+776:0,1,0,0,0
+777:0,0,1,0,0
+778:0,0,0,1,0
+779:0,0,0,0,1
+780:1,0,0,0,0
+781:0,1,0,0,0
+782:0,0,1,0,0
+783:0,0,0,1,0
+784:0,0,0,0,1
+785:1,0,0,0,0
+786:0,1,0,0,0
+787:0,0,1,0,0
+788:0,0,0,1,0
+789:0,0,0,0,1
+790:1,0,0,0,0
+791:0,1,0,0,0
+792:0,0,1,0,0
+793:0,0,0,1,0
+794:0,0,0,0,1
+795:1,0,0,0,0
+796:0,1,0,0,0
+797:0,0,1,0,0
+798:0,0,0,1,0
+799:0,0,0,0,1
+800:0,0,1,0,0
+801:0,0,0,1,0
+802:0,0,0,0,1
+803:1,0,0,0,0
+804:0,1,0,0,0
+805:0,0,1,0,0
+806:0,0,0,1,0
+807:0,0,0,0,1
+808:1,0,0,0,0
+809:0,1,0,0,0
+810:0,0,1,0,0
+811:0,0,0,1,0
+812:0,0,0,0,1
+813:1,0,0,0,0
+814:0,1,0,0,0
+815:0,0,1,0,0
+816:0,0,0,1,0
+817:0,0,0,0,1
+818:1,0,0,0,0
+819:0,1,0,0,0
+820:0,0,1,0,0
+821:0,0,0,1,0
+822:0,0,0,0,1
+823:1,0,0,0,0
+824:0,1,0,0,0
+825:0,0,1,0,0
+826:0,0,0,1,0
+827:0,0,0,0,1
+828:1,0,0,0,0
+829:0,1,0,0,0
+830:0,0,1,0,0
+831:0,0,0,1,0
+832:0,0,0,0,1
+833:1,0,0,0,0
+834:0,1,0,0,0
+835:0,0,1,0,0
+836:0,0,0,1,0
+837:0,0,0,0,1
+838:1,0,0,0,0
+839:0,1,0,0,0
+840:0,0,1,0,0
+841:0,0,0,1,0
+842:0,0,0,0,1
+843:1,0,0,0,0
+844:0,1,0,0,0
+845:0,0,1,0,0
+846:0,0,0,1,0
+847:0,0,0,0,1
+848:1,0,0,0,0
+849:0,1,0,0,0
+850:0,0,0,0,1
+851:1,0,0,0,0
+852:0,1,0,0,0
+853:0,0,1,0,0
+854:0,0,0,1,0
+855:0,0,0,0,1
+856:1,0,0,0,0
+857:0,1,0,0,0
+858:0,0,1,0,0
+859:0,0,0,1,0
+860:0,0,0,0,1
+861:1,0,0,0,0
+862:0,1,0,0,0
+863:0,0,1,0,0
+864:0,0,0,1,0
+865:0,0,0,0,1
+866:1,0,0,0,0
+867:0,1,0,0,0
+868:0,0,1,0,0
+869:0,0,0,1,0
+870:0,0,0,0,1
+871:1,0,0,0,0
+872:0,1,0,0,0
+873:0,0,1,0,0
+874:0,0,0,1,0
+875:0,0,0,0,1
+876:1,0,0,0,0
+877:0,1,0,0,0
+878:0,0,1,0,0
+879:0,0,0,1,0
+880:0,0,0,0,1
+881:1,0,0,0,0
+882:0,1,0,0,0
+883:0,0,1,0,0
+884:0,0,0,1,0
+885:0,0,0,0,1
+886:1,0,0,0,0
+887:0,1,0,0,0
+888:0,0,1,0,0
+889:0,0,0,1,0
+890:0,0,0,0,1
+891:1,0,0,0,0
+892:0,1,0,0,0
+893:0,0,1,0,0
+894:0,0,0,1,0
+895:0,0,0,0,1
+896:1,0,0,0,0
+897:0,1,0,0,0
+898:0,0,1,0,0
+899:0,0,0,1,0
+900:0,1,0,0,0
+901:0,0,1,0,0
+902:0,0,0,1,0
+903:0,0,0,0,1
+904:1,0,0,0,0
+905:0,1,0,0,0
+906:0,0,1,0,0
+907:0,0,0,1,0
+908:0,0,0,0,1
+909:1,0,0,0,0
+910:0,1,0,0,0
+911:0,0,1,0,0
+912:0,0,0,1,0
+913:0,0,0,0,1
+914:1,0,0,0,0
+915:0,1,0,0,0
+916:0,0,1,0,0
+917:0,0,0,1,0
+918:0,0,0,0,1
+919:1,0,0,0,0
+920:0,1,0,0,0
+921:0,0,1,0,0
+922:0,0,0,1,0
+923:0,0,0,0,1
+924:1,0,0,0,0
+925:0,1,0,0,0
+926:0,0,1,0,0
+927:0,0,0,1,0
+928:0,0,0,0,1
+929:1,0,0,0,0
+930:0,1,0,0,0
+931:0,0,1,0,0
+932:0,0,0,1,0
+933:0,0,0,0,1
+934:1,0,0,0,0
+935:0,1,0,0,0
+936:0,0,1,0,0
+937:0,0,0,1,0
+938:0,0,0,0,1
+939:1,0,0,0,0
+940:0,1,0,0,0
+941:0,0,1,0,0
+942:0,0,0,1,0
+943:0,0,0,0,1
+944:1,0,0,0,0
+945:0,1,0,0,0
+946:0,0,1,0,0
+947:0,0,0,1,0
+948:0,0,0,0,1
+949:1,0,0,0,0
+950:0,0,0,1,0
+951:0,0,0,0,1
+952:1,0,0,0,0
+953:0,1,0,0,0
+954:0,0,1,0,0
+955:0,0,0,1,0
+956:0,0,0,0,1
+957:1,0,0,0,0
+958:0,1,0,0,0
+959:0,0,1,0,0
+960:0,0,0,1,0
+961:0,0,0,0,1
+962:1,0,0,0,0
+963:0,1,0,0,0
+964:0,0,1,0,0
+965:0,0,0,1,0
+966:0,0,0,0,1
+967:1,0,0,0,0
+968:0,1,0,0,0
+969:0,0,1,0,0
+970:0,0,0,1,0
+971:0,0,0,0,1
+972:1,0,0,0,0
+973:0,1,0,0,0
+974:0,0,1,0,0
+975:0,0,0,1,0
+976:0,0,0,0,1
+977:1,0,0,0,0
+978:0,1,0,0,0
+979:0,0,1,0,0
+980:0,0,0,1,0
+981:0,0,0,0,1
+982:1,0,0,0,0
+983:0,1,0,0,0
+984:0,0,1,0,0
+985:0,0,0,1,0
+986:0,0,0,0,1
+987:1,0,0,0,0
+988:0,1,0,0,0
+989:0,0,1,0,0
+990:0,0,0,1,0
+991:0,0,0,0,1
+992:1,0,0,0,0
+993:0,1,0,0,0
+994:0,0,1,0,0
+995:0,0,0,1,0
+996:0,0,0,0,1
+997:1,0,0,0,0
+998:0,1,0,0,0
+999:0,0,1,0,0
+1000:1,0,0,0,0
+1001:0,1,0,0,0
+1002:0,0,1,0,0
+1003:0,0,0,1,0
+1004:0,0,0,0,1
+1005:1,0,0,0,0
+1006:0,1,0,0,0
+1007:0,0,1,0,0
+1008:0,0,0,1,0
+1009:0,0,0,0,1
+1010:1,0,0,0,0
+1011:0,1,0,0,0
+1012:0,0,1,0,0
+1013:0,0,0,1,0
+1014:0,0,0,0,1
+1015:1,0,0,0,0
+1016:0,1,0,0,0
+1017:0,0,1,0,0
+1018:0,0,0,1,0
+1019:0,0,0,0,1
+1020:1,0,0,0,0
+1021:0,1,0,0,0
+1022:0,0,1,0,0
+1023:0,0,0,1,0
+1024:0,0,0,0,1
+1025:1,0,0,0,0
+1026:0,1,0,0,0
+1027:0,0,1,0,0
+1028:0,0,0,1,0
+1029:0,0,0,0,1
+1030:1,0,0,0,0
+1031:0,1,0,0,0
+1032:0,0,1,0,0
+1033:0,0,0,1,0
+1034:0,0,0,0,1
+1035:1,0,0,0,0
+1036:0,1,0,0,0
+1037:0,0,1,0,0
+1038:0,0,0,1,0
+1039:0,0,0,0,1
+1040:1,0,0,0,0
+1041:0,1,0,0,0
+1042:0,0,1,0,0
+1043:0,0,0,1,0
+1044:0,0,0,0,1
+1045:1,0,0,0,0
+1046:0,1,0,0,0
+1047:0,0,1,0,0
+1048:0,0,0,1,0
+1049:0,0,0,0,1
+1050:0,0,1,0,0
+1051:0,0,0,1,0
+1052:0,0,0,0,1
+1053:1,0,0,0,0
+1054:0,1,0,0,0
+1055:0,0,1,0,0
+1056:0,0,0,1,0
+1057:0,0,0,0,1
+1058:1,0,0,0,0
+1059:0,1,0,0,0
+1060:0,0,1,0,0
+1061:0,0,0,1,0
+1062:0,0,0,0,1
+1063:1,0,0,0,0
+1064:0,1,0,0,0
+1065:0,0,1,0,0
+1066:0,0,0,1,0
+1067:0,0,0,0,1
+1068:1,0,0,0,0
+1069:0,1,0,0,0
+1070:0,0,1,0,0
+1071:0,0,0,1,0
+1072:0,0,0,0,1
+1073:1,0,0,0,0
+1074:0,1,0,0,0
+1075:0,0,1,0,0
+1076:0,0,0,1,0
+1077:0,0,0,0,1
+1078:1,0,0,0,0
+1079:0,1,0,0,0
+1080:0,0,1,0,0
+1081:0,0,0,1,0
+1082:0,0,0,0,1
+1083:1,0,0,0,0
+1084:0,1,0,0,0
+1085:0,0,1,0,0
+1086:0,0,0,1,0
+1087:0,0,0,0,1
+1088:1,0,0,0,0
+1089:0,1,0,0,0
+1090:0,0,1,0,0
+1091:0,0,0,1,0
+1092:0,0,0,0,1
+1093:1,0,0,0,0
+1094:0,1,0,0,0
+1095:0,0,1,0,0
+1096:0,0,0,1,0
+1097:0,0,0,0,1
+1098:1,0,0,0,0
+1099:0,1,0,0,0
+1100:0,0,0,0,1
+1101:1,0,0,0,0
+1102:0,1,0,0,0
+1103:0,0,1,0,0
+1104:0,0,0,1,0
+1105:0,0,0,0,1
+1106:1,0,0,0,0
+1107:0,1,0,0,0
+1108:0,0,1,0,0
+1109:0,0,0,1,0
+1110:0,0,0,0,1
+1111:1,0,0,0,0
+1112:0,1,0,0,0
+1113:0,0,1,0,0
+1114:0,0,0,1,0
+1115:0,0,0,0,1
+1116:1,0,0,0,0
+1117:0,1,0,0,0
+1118:0,0,1,0,0
+1119:0,0,0,1,0
+1120:0,0,0,0,1
+1121:1,0,0,0,0
+1122:0,1,0,0,0
+1123:0,0,1,0,0
+1124:0,0,0,1,0
+1125:0,0,0,0,1
+1126:1,0,0,0,0
+1127:0,1,0,0,0
+1128:0,0,1,0,0
+1129:0,0,0,1,0
+1130:0,0,0,0,1
+1131:1,0,0,0,0
+1132:0,1,0,0,0
+1133:0,0,1,0,0
+1134:0,0,0,1,0
+1135:0,0,0,0,1
+1136:1,0,0,0,0
+1137:0,1,0,0,0
+1138:0,0,1,0,0
+1139:0,0,0,1,0
+1140:0,0,0,0,1
+1141:1,0,0,0,0
+1142:0,1,0,0,0
+1143:0,0,1,0,0
+1144:0,0,0,1,0
+1145:0,0,0,0,1
+1146:1,0,0,0,0
+1147:0,1,0,0,0
+1148:0,0,1,0,0
+1149:0,0,0,1,0
+1150:0,1,0,0,0
+1151:0,0,1,0,0
+1152:0,0,0,1,0
+1153:0,0,0,0,1
+1154:1,0,0,0,0
+1155:0,1,0,0,0
+1156:0,0,1,0,0
+1157:0,0,0,1,0
+1158:0,0,0,0,1
+1159:1,0,0,0,0
+1160:0,1,0,0,0
+1161:0,0,1,0,0
+1162:0,0,0,1,0
+1163:0,0,0,0,1
+1164:1,0,0,0,0
+1165:0,1,0,0,0
+1166:0,0,1,0,0
+1167:0,0,0,1,0
+1168:0,0,0,0,1
+1169:1,0,0,0,0
+1170:0,1,0,0,0
+1171:0,0,1,0,0
+1172:0,0,0,1,0
+1173:0,0,0,0,1
+1174:1,0,0,0,0
+1175:0,1,0,0,0
+1176:0,0,1,0,0
+1177:0,0,0,1,0
+1178:0,0,0,0,1
+1179:1,0,0,0,0
+1180:0,1,0,0,0
+1181:0,0,1,0,0
+1182:0,0,0,1,0
+1183:0,0,0,0,1
+1184:1,0,0,0,0
+1185:0,1,0,0,0
+1186:0,0,1,0,0
+1187:0,0,0,1,0
+1188:0,0,0,0,1
+1189:1,0,0,0,0
+1190:0,1,0,0,0
+1191:0,0,1,0,0
+1192:0,0,0,1,0
+1193:0,0,0,0,1
+1194:1,0,0,0,0
+1195:0,1,0,0,0
+1196:0,0,1,0,0
+1197:0,0,0,1,0
+1198:0,0,0,0,1
+1199:1,0,0,0,0
+1200:0,0,0,1,0
+1201:0,0,0,0,1
+1202:1,0,0,0,0
+1203:0,1,0,0,0
+1204:0,0,1,0,0
+1205:0,0,0,1,0
+1206:0,0,0,0,1
+1207:1,0,0,0,0
+1208:0,1,0,0,0
+1209:0,0,1,0,0
+1210:0,0,0,1,0
+1211:0,0,0,0,1
+1212:1,0,0,0,0
+1213:0,1,0,0,0
+1214:0,0,1,0,0
+1215:0,0,0,1,0
+1216:0,0,0,0,1
+1217:1,0,0,0,0
+1218:0,1,0,0,0
+1219:0,0,1,0,0
+1220:0,0,0,1,0
+1221:0,0,0,0,1
+1222:1,0,0,0,0
+1223:0,1,0,0,0
+1224:0,0,1,0,0
+1225:0,0,0,1,0
+1226:0,0,0,0,1
+1227:1,0,0,0,0
+1228:0,1,0,0,0
+1229:0,0,1,0,0
+1230:0,0,0,1,0
+1231:0,0,0,0,1
+1232:1,0,0,0,0
+1233:0,1,0,0,0
+1234:0,0,1,0,0
+1235:0,0,0,1,0
+1236:0,0,0,0,1
+1237:1,0,0,0,0
+1238:0,1,0,0,0
+1239:0,0,1,0,0
+1240:0,0,0,1,0
+1241:0,0,0,0,1
+1242:1,0,0,0,0
+1243:0,1,0,0,0
+1244:0,0,1,0,0
+1245:0,0,0,1,0
+1246:0,0,0,0,1
+1247:1,0,0,0,0
+1248:0,1,0,0,0
+1249:0,0,1,0,0
+1250:1,0,0,0,0
+1251:0,1,0,0,0
+1252:0,0,1,0,0
+1253:0,0,0,1,0
+1254:0,0,0,0,1
+1255:1,0,0,0,0
+1256:0,1,0,0,0
+1257:0,0,1,0,0
+1258:0,0,0,1,0
+1259:0,0,0,0,1
+1260:1,0,0,0,0
+1261:0,1,0,0,0
+1262:0,0,1,0,0
+1263:0,0,0,1,0
+1264:0,0,0,0,1
+1265:1,0,0,0,0
+1266:0,1,0,0,0
+1267:0,0,1,0,0
+1268:0,0,0,1,0
+1269:0,0,0,0,1
+1270:1,0,0,0,0
+1271:0,1,0,0,0
+1272:0,0,1,0,0
+1273:0,0,0,1,0
+1274:0,0,0,0,1
+1275:1,0,0,0,0
+1276:0,1,0,0,0
+1277:0,0,1,0,0
+1278:0,0,0,1,0
+1279:0,0,0,0,1
+1280:1,0,0,0,0
+1281:0,1,0,0,0
+1282:0,0,1,0,0
+1283:0,0,0,1,0
+1284:0,0,0,0,1
+1285:1,0,0,0,0
+1286:0,1,0,0,0
+1287:0,0,1,0,0
+1288:0,0,0,1,0
+1289:0,0,0,0,1
+1290:1,0,0,0,0
+1291:0,1,0,0,0
+1292:0,0,1,0,0
+1293:0,0,0,1,0
+1294:0,0,0,0,1
+1295:1,0,0,0,0
+1296:0,1,0,0,0
+1297:0,0,1,0,0
+1298:0,0,0,1,0
+1299:0,0,0,0,1
+1300:0,0,1,0,0
+1301:0,0,0,1,0
+1302:0,0,0,0,1
+1303:1,0,0,0,0
+1304:0,1,0,0,0
+1305:0,0,1,0,0
+1306:0,0,0,1,0
+1307:0,0,0,0,1
+1308:1,0,0,0,0
+1309:0,1,0,0,0
+1310:0,0,1,0,0
+1311:0,0,0,1,0
+1312:0,0,0,0,1
+1313:1,0,0,0,0
+1314:0,1,0,0,0
+1315:0,0,1,0,0
+1316:0,0,0,1,0
+1317:0,0,0,0,1
+1318:1,0,0,0,0
+1319:0,1,0,0,0
+1320:0,0,1,0,0
+1321:0,0,0,1,0
+1322:0,0,0,0,1
+1323:1,0,0,0,0
+1324:0,1,0,0,0
+1325:0,0,1,0,0
+1326:0,0,0,1,0
+1327:0,0,0,0,1
+1328:1,0,0,0,0
+1329:0,1,0,0,0
+1330:0,0,1,0,0
+1331:0,0,0,1,0
+1332:0,0,0,0,1
+1333:1,0,0,0,0
+1334:0,1,0,0,0
+1335:0,0,1,0,0
+1336:0,0,0,1,0
+1337:0,0,0,0,1
+1338:1,0,0,0,0
+1339:0,1,0,0,0
+1340:0,0,1,0,0
+1341:0,0,0,1,0
+1342:0,0,0,0,1
+1343:1,0,0,0,0
+1344:0,1,0,0,0
+1345:0,0,1,0,0
+1346:0,0,0,1,0
+1347:0,0,0,0,1
+1348:1,0,0,0,0
+1349:0,1,0,0,0
+1350:0,0,0,0,1
+1351:1,0,0,0,0
+1352:0,1,0,0,0
+1353:0,0,1,0,0
+1354:0,0,0,1,0
+1355:0,0,0,0,1
+1356:1,0,0,0,0
+1357:0,1,0,0,0
+1358:0,0,1,0,0
+1359:0,0,0,1,0
+1360:0,0,0,0,1
+1361:1,0,0,0,0
+1362:0,1,0,0,0
+1363:0,0,1,0,0
+1364:0,0,0,1,0
+1365:0,0,0,0,1
+1366:1,0,0,0,0
+1367:0,1,0,0,0
+1368:0,0,1,0,0
+1369:0,0,0,1,0
+1370:0,0,0,0,1
+1371:1,0,0,0,0
+1372:0,1,0,0,0
+1373:0,0,1,0,0
+1374:0,0,0,1,0
+1375:0,0,0,0,1
+1376:1,0,0,0,0
+1377:0,1,0,0,0
+1378:0,0,1,0,0
+1379:0,0,0,1,0
+1380:0,0,0,0,1
+1381:1,0,0,0,0
+1382:0,1,0,0,0
+1383:0,0,1,0,0
+1384:0,0,0,1,0
+1385:0,0,0,0,1
+1386:1,0,0,0,0
+1387:0,1,0,0,0
+1388:0,0,1,0,0
+1389:0,0,0,1,0
+1390:0,0,0,0,1
+1391:1,0,0,0,0
+1392:0,1,0,0,0
+1393:0,0,1,0,0
+1394:0,0,0,1,0
+1395:0,0,0,0,1
+1396:1,0,0,0,0
+1397:0,1,0,0,0
+1398:0,0,1,0,0
+1399:0,0,0,1,0
+1400:0,1,0,0,0
+1401:0,0,1,0,0
+1402:0,0,0,1,0
+1403:0,0,0,0,1
+1404:1,0,0,0,0
+1405:0,1,0,0,0
+1406:0,0,1,0,0
+1407:0,0,0,1,0
+1408:0,0,0,0,1
+1409:1,0,0,0,0
+1410:0,1,0,0,0
+1411:0,0,1,0,0
+1412:0,0,0,1,0
+1413:0,0,0,0,1
+1414:1,0,0,0,0
+1415:0,1,0,0,0
+1416:0,0,1,0,0
+1417:0,0,0,1,0
+1418:0,0,0,0,1
+1419:1,0,0,0,0
+1420:0,1,0,0,0
+1421:0,0,1,0,0
+1422:0,0,0,1,0
+1423:0,0,0,0,1
+1424:1,0,0,0,0
+1425:0,1,0,0,0
+1426:0,0,1,0,0
+1427:0,0,0,1,0
+1428:0,0,0,0,1
+1429:1,0,0,0,0
+1430:0,1,0,0,0
+1431:0,0,1,0,0
+1432:0,0,0,1,0
+1433:0,0,0,0,1
+1434:1,0,0,0,0
+1435:0,1,0,0,0
+1436:0,0,1,0,0
+1437:0,0,0,1,0
+1438:0,0,0,0,1
+1439:1,0,0,0,0
+1440:0,1,0,0,0
+1441:0,0,1,0,0
+1442:0,0,0,1,0
+1443:0,0,0,0,1
+1444:1,0,0,0,0
+1445:0,1,0,0,0
+1446:0,0,1,0,0
+1447:0,0,0,1,0
+1448:0,0,0,0,1
+1449:1,0,0,0,0
+1450:0,0,0,1,0
+1451:0,0,0,0,1
+1452:1,0,0,0,0
+1453:0,1,0,0,0
+1454:0,0,1,0,0
+1455:0,0,0,1,0
+1456:0,0,0,0,1
+1457:1,0,0,0,0
+1458:0,1,0,0,0
+1459:0,0,1,0,0
+1460:0,0,0,1,0
+1461:0,0,0,0,1
+1462:1,0,0,0,0
+1463:0,1,0,0,0
+1464:0,0,1,0,0
+1465:0,0,0,1,0
+1466:0,0,0,0,1
+1467:1,0,0,0,0
+1468:0,1,0,0,0
+1469:0,0,1,0,0
+1470:0,0,0,1,0
+1471:0,0,0,0,1
+1472:1,0,0,0,0
+1473:0,1,0,0,0
+1474:0,0,1,0,0
+1475:0,0,0,1,0
+1476:0,0,0,0,1
+1477:1,0,0,0,0
+1478:0,1,0,0,0
+1479:0,0,1,0,0
+1480:0,0,0,1,0
+1481:0,0,0,0,1
+1482:1,0,0,0,0
+1483:0,1,0,0,0
+1484:0,0,1,0,0
+1485:0,0,0,1,0
+1486:0,0,0,0,1
+1487:1,0,0,0,0
+1488:0,1,0,0,0
+1489:0,0,1,0,0
+1490:0,0,0,1,0
+1491:0,0,0,0,1
+1492:1,0,0,0,0
+1493:0,1,0,0,0
+1494:0,0,1,0,0
+1495:0,0,0,1,0
+1496:0,0,0,0,1
+1497:1,0,0,0,0
+1498:0,1,0,0,0
+1499:0,0,1,0,0
+1500:1,0,0,0,0
+1501:0,1,0,0,0
+1502:0,0,1,0,0
+1503:0,0,0,1,0
+1504:0,0,0,0,1
+1505:1,0,0,0,0
+1506:0,1,0,0,0
+1507:0,0,1,0,0
+1508:0,0,0,1,0
+1509:0,0,0,0,1
+1510:1,0,0,0,0
+1511:0,1,0,0,0
+1512:0,0,1,0,0
+1513:0,0,0,1,0
+1514:0,0,0,0,1
+1515:1,0,0,0,0
+1516:0,1,0,0,0
+1517:0,0,1,0,0
+1518:0,0,0,1,0
+1519:0,0,0,0,1
+1520:1,0,0,0,0
+1521:0,1,0,0,0
+1522:0,0,1,0,0
+1523:0,0,0,1,0
+1524:0,0,0,0,1
+1525:1,0,0,0,0
+1526:0,1,0,0,0
+1527:0,0,1,0,0
+1528:0,0,0,1,0
+1529:0,0,0,0,1
+1530:1,0,0,0,0
+1531:0,1,0,0,0
+1532:0,0,1,0,0
+1533:0,0,0,1,0
+1534:0,0,0,0,1
+1535:1,0,0,0,0
+1536:0,1,0,0,0
+1537:0,0,1,0,0
+1538:0,0,0,1,0
+1539:0,0,0,0,1
+1540:1,0,0,0,0
+1541:0,1,0,0,0
+1542:0,0,1,0,0
+1543:0,0,0,1,0
+1544:0,0,0,0,1
+1545:1,0,0,0,0
+1546:0,1,0,0,0
+1547:0,0,1,0,0
+1548:0,0,0,1,0
+1549:0,0,0,0,1
+1550:0,0,1,0,0
+1551:0,0,0,1,0
+1552:0,0,0,0,1
+1553:1,0,0,0,0
+1554:0,1,0,0,0
+1555:0,0,1,0,0
+1556:0,0,0,1,0
+1557:0,0,0,0,1
+1558:1,0,0,0,0
+1559:0,1,0,0,0
+1560:0,0,1,0,0
+1561:0,0,0,1,0
+1562:0,0,0,0,1
+1563:1,0,0,0,0
+1564:0,1,0,0,0
+1565:0,0,1,0,0
+1566:0,0,0,1,0
+1567:0,0,0,0,1
+1568:1,0,0,0,0
+1569:0,1,0,0,0
+1570:0,0,1,0,0
+1571:0,0,0,1,0
+1572:0,0,0,0,1
+1573:1,0,0,0,0
+1574:0,1,0,0,0
+1575:0,0,1,0,0
+1576:0,0,0,1,0
+1577:0,0,0,0,1
+1578:1,0,0,0,0
+1579:0,1,0,0,0
+1580:0,0,1,0,0
+1581:0,0,0,1,0
+1582:0,0,0,0,1
+1583:1,0,0,0,0
+1584:0,1,0,0,0
+1585:0,0,1,0,0
+1586:0,0,0,1,0
+1587:0,0,0,0,1
+1588:1,0,0,0,0
+1589:0,1,0,0,0
+1590:0,0,1,0,0
+1591:0,0,0,1,0
+1592:0,0,0,0,1
+1593:1,0,0,0,0
+1594:0,1,0,0,0
+1595:0,0,1,0,0
+1596:0,0,0,1,0
+1597:0,0,0,0,1
+1598:1,0,0,0,0
+1599:0,1,0,0,0
+1600:0,0,0,0,1
+1601:1,0,0,0,0
+1602:0,1,0,0,0
+1603:0,0,1,0,0
+1604:0,0,0,1,0
+1605:0,0,0,0,1
+1606:1,0,0,0,0
+1607:0,1,0,0,0
+1608:0,0,1,0,0
+1609:0,0,0,1,0
+1610:0,0,0,0,1
+1611:1,0,0,0,0
+1612:0,1,0,0,0
+1613:0,0,1,0,0
+1614:0,0,0,1,0
+1615:0,0,0,0,1
+1616:1,0,0,0,0
+1617:0,1,0,0,0
+1618:0,0,1,0,0
+1619:0,0,0,1,0
+1620:0,0,0,0,1
+1621:1,0,0,0,0
+1622:0,1,0,0,0
+1623:0,0,1,0,0
+1624:0,0,0,1,0
+1625:0,0,0,0,1
+1626:1,0,0,0,0
+1627:0,1,0,0,0
+1628:0,0,1,0,0
+1629:0,0,0,1,0
+1630:0,0,0,0,1
+1631:1,0,0,0,0
+1632:0,1,0,0,0
+1633:0,0,1,0,0
+1634:0,0,0,1,0
+1635:0,0,0,0,1
+1636:1,0,0,0,0
+1637:0,1,0,0,0
+1638:0,0,1,0,0
+1639:0,0,0,1,0
+1640:0,0,0,0,1
+1641:1,0,0,0,0
+1642:0,1,0,0,0
+1643:0,0,1,0,0
+1644:0,0,0,1,0
+1645:0,0,0,0,1
+1646:1,0,0,0,0
+1647:0,1,0,0,0
+1648:0,0,1,0,0
+1649:0,0,0,1,0
+1650:0,1,0,0,0
+1651:0,0,1,0,0
+1652:0,0,0,1,0
+1653:0,0,0,0,1
+1654:1,0,0,0,0
+1655:0,1,0,0,0
+1656:0,0,1,0,0
+1657:0,0,0,1,0
+1658:0,0,0,0,1
+1659:1,0,0,0,0
+1660:0,1,0,0,0
+1661:0,0,1,0,0
+1662:0,0,0,1,0
+1663:0,0,0,0,1
+1664:1,0,0,0,0
+1665:0,1,0,0,0
+1666:0,0,1,0,0
+1667:0,0,0,1,0
+1668:0,0,0,0,1
+1669:1,0,0,0,0
+1670:0,1,0,0,0
+1671:0,0,1,0,0
+1672:0,0,0,1,0
+1673:0,0,0,0,1
+1674:1,0,0,0,0
+1675:0,1,0,0,0
+1676:0,0,1,0,0
+1677:0,0,0,1,0
+1678:0,0,0,0,1
+1679:1,0,0,0,0
+1680:0,1,0,0,0
+1681:0,0,1,0,0
+1682:0,0,0,1,0
+1683:0,0,0,0,1
+1684:1,0,0,0,0
+1685:0,1,0,0,0
+1686:0,0,1,0,0
+1687:0,0,0,1,0
+1688:0,0,0,0,1
+1689:1,0,0,0,0
+1690:0,1,0,0,0
+1691:0,0,1,0,0
+1692:0,0,0,1,0
+1693:0,0,0,0,1
+1694:1,0,0,0,0
+1695:0,1,0,0,0
+1696:0,0,1,0,0
+1697:0,0,0,1,0
+1698:0,0,0,0,1
+1699:1,0,0,0,0
+1700:0,0,0,1,0
+1701:0,0,0,0,1
+1702:1,0,0,0,0
+1703:0,1,0,0,0
+1704:0,0,1,0,0
+1705:0,0,0,1,0
+1706:0,0,0,0,1
+1707:1,0,0,0,0
+1708:0,1,0,0,0
+1709:0,0,1,0,0
+1710:0,0,0,1,0
+1711:0,0,0,0,1
+1712:1,0,0,0,0
+1713:0,1,0,0,0
+1714:0,0,1,0,0
+1715:0,0,0,1,0
+1716:0,0,0,0,1
+1717:1,0,0,0,0
+1718:0,1,0,0,0
+1719:0,0,1,0,0
+1720:0,0,0,1,0
+1721:0,0,0,0,1
+1722:1,0,0,0,0
+1723:0,1,0,0,0
+1724:0,0,1,0,0
+1725:0,0,0,1,0
+1726:0,0,0,0,1
+1727:1,0,0,0,0
+1728:0,1,0,0,0
+1729:0,0,1,0,0
+1730:0,0,0,1,0
+1731:0,0,0,0,1
+1732:1,0,0,0,0
+1733:0,1,0,0,0
+1734:0,0,1,0,0
+1735:0,0,0,1,0
+1736:0,0,0,0,1
+1737:1,0,0,0,0
+1738:0,1,0,0,0
+1739:0,0,1,0,0
+1740:0,0,0,1,0
+1741:0,0,0,0,1
+1742:1,0,0,0,0
+1743:0,1,0,0,0
+1744:0,0,1,0,0
+1745:0,0,0,1,0
+1746:0,0,0,0,1
+1747:1,0,0,0,0
+1748:0,1,0,0,0
+1749:0,0,1,0,0
+1750:1,0,0,0,0
+1751:0,1,0,0,0
+1752:0,0,1,0,0
+1753:0,0,0,1,0
+1754:0,0,0,0,1
+1755:1,0,0,0,0
+1756:0,1,0,0,0
+1757:0,0,1,0,0
+1758:0,0,0,1,0
+1759:0,0,0,0,1
+1760:1,0,0,0,0
+1761:0,1,0,0,0
+1762:0,0,1,0,0
+1763:0,0,0,1,0
+1764:0,0,0,0,1
+1765:1,0,0,0,0
+1766:0,1,0,0,0
+1767:0,0,1,0,0
+1768:0,0,0,1,0
+1769:0,0,0,0,1
+1770:1,0,0,0,0
+1771:0,1,0,0,0
+1772:0,0,1,0,0
+1773:0,0,0,1,0
+1774:0,0,0,0,1
+1775:1,0,0,0,0
+1776:0,1,0,0,0
+1777:0,0,1,0,0
+1778:0,0,0,1,0
+1779:0,0,0,0,1
+1780:1,0,0,0,0
+1781:0,1,0,0,0
+1782:0,0,1,0,0
+1783:0,0,0,1,0
+1784:0,0,0,0,1
+1785:1,0,0,0,0
+1786:0,1,0,0,0
+1787:0,0,1,0,0
+1788:0,0,0,1,0
+1789:0,0,0,0,1
+1790:1,0,0,0,0
+1791:0,1,0,0,0
+1792:0,0,1,0,0
+1793:0,0,0,1,0
+1794:0,0,0,0,1
+1795:1,0,0,0,0
+1796:0,1,0,0,0
+1797:0,0,1,0,0
+1798:0,0,0,1,0
+1799:0,0,0,0,1
+1800:0,0,1,0,0
+1801:0,0,0,1,0
+1802:0,0,0,0,1
+1803:1,0,0,0,0
+1804:0,1,0,0,0
+1805:0,0,1,0,0
+1806:0,0,0,1,0
+1807:0,0,0,0,1
+1808:1,0,0,0,0
+1809:0,1,0,0,0
+1810:0,0,1,0,0
+1811:0,0,0,1,0
+1812:0,0,0,0,1
+1813:1,0,0,0,0
+1814:0,1,0,0,0
+1815:0,0,1,0,0
+1816:0,0,0,1,0
+1817:0,0,0,0,1
+1818:1,0,0,0,0
+1819:0,1,0,0,0
+1820:0,0,1,0,0
+1821:0,0,0,1,0
+1822:0,0,0,0,1
+1823:1,0,0,0,0
+1824:0,1,0,0,0
+1825:0,0,1,0,0
+1826:0,0,0,1,0
+1827:0,0,0,0,1
+1828:1,0,0,0,0
+1829:0,1,0,0,0
+1830:0,0,1,0,0
+1831:0,0,0,1,0
+1832:0,0,0,0,1
+1833:1,0,0,0,0
+1834:0,1,0,0,0
+1835:0,0,1,0,0
+1836:0,0,0,1,0
+1837:0,0,0,0,1
+1838:1,0,0,0,0
+1839:0,1,0,0,0
+1840:0,0,1,0,0
+1841:0,0,0,1,0
+1842:0,0,0,0,1
+1843:1,0,0,0,0
+1844:0,1,0,0,0
+1845:0,0,1,0,0
+1846:0,0,0,1,0
+1847:0,0,0,0,1
+1848:1,0,0,0,0
+1849:0,1,0,0,0
+1850:0,0,0,0,1
+1851:1,0,0,0,0
+1852:0,1,0,0,0
+1853:0,0,1,0,0
+1854:0,0,0,1,0
+1855:0,0,0,0,1
+1856:1,0,0,0,0
+1857:0,1,0,0,0
+1858:0,0,1,0,0
+1859:0,0,0,1,0
+1860:0,0,0,0,1
+1861:1,0,0,0,0
+1862:0,1,0,0,0
+1863:0,0,1,0,0
+1864:0,0,0,1,0
+1865:0,0,0,0,1
+1866:1,0,0,0,0
+1867:0,1,0,0,0
+1868:0,0,1,0,0
+1869:0,0,0,1,0
+1870:0,0,0,0,1
+1871:1,0,0,0,0
+1872:0,1,0,0,0
+1873:0,0,1,0,0
+1874:0,0,0,1,0
+1875:0,0,0,0,1
+1876:1,0,0,0,0
+1877:0,1,0,0,0
+1878:0,0,1,0,0
+1879:0,0,0,1,0
+1880:0,0,0,0,1
+1881:1,0,0,0,0
+1882:0,1,0,0,0
+1883:0,0,1,0,0
+1884:0,0,0,1,0
+1885:0,0,0,0,1
+1886:1,0,0,0,0
+1887:0,1,0,0,0
+1888:0,0,1,0,0
+1889:0,0,0,1,0
+1890:0,0,0,0,1
+1891:1,0,0,0,0
+1892:0,1,0,0,0
+1893:0,0,1,0,0
+1894:0,0,0,1,0
+1895:0,0,0,0,1
+1896:1,0,0,0,0
+1897:0,1,0,0,0
+1898:0,0,1,0,0
+1899:0,0,0,1,0
+1900:0,1,0,0,0
+1901:0,0,1,0,0
+1902:0,0,0,1,0
+1903:0,0,0,0,1
+1904:1,0,0,0,0
+1905:0,1,0,0,0
+1906:0,0,1,0,0
+1907:0,0,0,1,0
+1908:0,0,0,0,1
+1909:1,0,0,0,0
+1910:0,1,0,0,0
+1911:0,0,1,0,0
+1912:0,0,0,1,0
+1913:0,0,0,0,1
+1914:1,0,0,0,0
+1915:0,1,0,0,0
+1916:0,0,1,0,0
+1917:0,0,0,1,0
+1918:0,0,0,0,1
+1919:1,0,0,0,0
+1920:0,1,0,0,0
+1921:0,0,1,0,0
+1922:0,0,0,1,0
+1923:0,0,0,0,1
+1924:1,0,0,0,0
+1925:0,1,0,0,0
+1926:0,0,1,0,0
+1927:0,0,0,1,0
+1928:0,0,0,0,1
+1929:1,0,0,0,0
+1930:0,1,0,0,0
+1931:0,0,1,0,0
+1932:0,0,0,1,0
+1933:0,0,0,0,1
+1934:1,0,0,0,0
+1935:0,1,0,0,0
+1936:0,0,1,0,0
+1937:0,0,0,1,0
+1938:0,0,0,0,1
+1939:1,0,0,0,0
+1940:0,1,0,0,0
+1941:0,0,1,0,0
+1942:0,0,0,1,0
+1943:0,0,0,0,1
+1944:1,0,0,0,0
+1945:0,1,0,0,0
+1946:0,0,1,0,0
+1947:0,0,0,1,0
+1948:0,0,0,0,1
+1949:1,0,0,0,0
+1950:0,0,0,1,0
+1951:0,0,0,0,1
+1952:1,0,0,0,0
+1953:0,1,0,0,0
+1954:0,0,1,0,0
+1955:0,0,0,1,0
+1956:0,0,0,0,1
+1957:1,0,0,0,0
+1958:0,1,0,0,0
+1959:0,0,1,0,0
+1960:0,0,0,1,0
+1961:0,0,0,0,1
+1962:1,0,0,0,0
+1963:0,1,0,0,0
+1964:0,0,1,0,0
+1965:0,0,0,1,0
+1966:0,0,0,0,1
+1967:1,0,0,0,0
+1968:0,1,0,0,0
+1969:0,0,1,0,0
+1970:0,0,0,1,0
+1971:0,0,0,0,1
+1972:1,0,0,0,0
+1973:0,1,0,0,0
+1974:0,0,1,0,0
+1975:0,0,0,1,0
+1976:0,0,0,0,1
+1977:1,0,0,0,0
+1978:0,1,0,0,0
+1979:0,0,1,0,0
+1980:0,0,0,1,0
+1981:0,0,0,0,1
+1982:1,0,0,0,0
+1983:0,1,0,0,0
+1984:0,0,1,0,0
+1985:0,0,0,1,0
+1986:0,0,0,0,1
+1987:1,0,0,0,0
+1988:0,1,0,0,0
+1989:0,0,1,0,0
+1990:0,0,0,1,0
+1991:0,0,0,0,1
+1992:1,0,0,0,0
+1993:0,1,0,0,0
+1994:0,0,1,0,0
+1995:0,0,0,1,0
+1996:0,0,0,0,1
+1997:1,0,0,0,0
+1998:0,1,0,0,0
+1999:0,0,1,0,0
+2000:1,0,0,0,0
+2001:0,1,0,0,0
+2002:0,0,1,0,0
+2003:0,0,0,1,0
+2004:0,0,0,0,1
+2005:1,0,0,0,0
+2006:0,1,0,0,0
+2007:0,0,1,0,0
+2008:0,0,0,1,0
+2009:0,0,0,0,1
+2010:1,0,0,0,0
+2011:0,1,0,0,0
+2012:0,0,1,0,0
+2013:0,0,0,1,0
+2014:0,0,0,0,1
+2015:1,0,0,0,0
+2016:0,1,0,0,0
+2017:0,0,1,0,0
+2018:0,0,0,1,0
+2019:0,0,0,0,1
+2020:1,0,0,0,0
+2021:0,1,0,0,0
+2022:0,0,1,0,0
+2023:0,0,0,1,0
+2024:0,0,0,0,1
+2025:1,0,0,0,0
+2026:0,1,0,0,0
+2027:0,0,1,0,0
+2028:0,0,0,1,0
+2029:0,0,0,0,1
+2030:1,0,0,0,0
+2031:0,1,0,0,0
+2032:0,0,1,0,0
+2033:0,0,0,1,0
+2034:0,0,0,0,1
+2035:1,0,0,0,0
+2036:0,1,0,0,0
+2037:0,0,1,0,0
+2038:0,0,0,1,0
+2039:0,0,0,0,1
+2040:1,0,0,0,0
+2041:0,1,0,0,0
+2042:0,0,1,0,0
+2043:0,0,0,1,0
+2044:0,0,0,0,1
+2045:1,0,0,0,0
+2046:0,1,0,0,0
+2047:0,0,1,0,0
+2048:0,0,0,1,0
+2049:0,0,0,0,1
+2050:0,0,1,0,0
+2051:0,0,0,1,0
+2052:0,0,0,0,1
+2053:1,0,0,0,0
+2054:0,1,0,0,0
+2055:0,0,1,0,0
+2056:0,0,0,1,0
+2057:0,0,0,0,1
+2058:1,0,0,0,0
+2059:0,1,0,0,0
+2060:0,0,1,0,0
+2061:0,0,0,1,0
+2062:0,0,0,0,1
+2063:1,0,0,0,0
+2064:0,1,0,0,0
+2065:0,0,1,0,0
+2066:0,0,0,1,0
+2067:0,0,0,0,1
+2068:1,0,0,0,0
+2069:0,1,0,0,0
+2070:0,0,1,0,0
+2071:0,0,0,1,0
+2072:0,0,0,0,1
+2073:1,0,0,0,0
+2074:0,1,0,0,0
+2075:0,0,1,0,0
+2076:0,0,0,1,0
+2077:0,0,0,0,1
+2078:1,0,0,0,0
+2079:0,1,0,0,0
+2080:0,0,1,0,0
+2081:0,0,0,1,0
+2082:0,0,0,0,1
+2083:1,0,0,0,0
+2084:0,1,0,0,0
+2085:0,0,1,0,0
+2086:0,0,0,1,0
+2087:0,0,0,0,1
+2088:1,0,0,0,0
+2089:0,1,0,0,0
+2090:0,0,1,0,0
+2091:0,0,0,1,0
+2092:0,0,0,0,1
+2093:1,0,0,0,0
+2094:0,1,0,0,0
+2095:0,0,1,0,0
+2096:0,0,0,1,0
+2097:0,0,0,0,1
+2098:1,0,0,0,0
+2099:0,1,0,0,0
+2100:0,0,0,0,1
+2101:1,0,0,0,0
+2102:0,1,0,0,0
+2103:0,0,1,0,0
+2104:0,0,0,1,0
+2105:0,0,0,0,1
+2106:1,0,0,0,0
+2107:0,1,0,0,0
+2108:0,0,1,0,0
+2109:0,0,0,1,0
+2110:0,0,0,0,1
+2111:1,0,0,0,0
+2112:0,1,0,0,0
+2113:0,0,1,0,0
+2114:0,0,0,1,0
+2115:0,0,0,0,1
+2116:1,0,0,0,0
+2117:0,1,0,0,0
+2118:0,0,1,0,0
+2119:0,0,0,1,0
+2120:0,0,0,0,1
+2121:1,0,0,0,0
+2122:0,1,0,0,0
+2123:0,0,1,0,0
+2124:0,0,0,1,0
+2125:0,0,0,0,1
+2126:1,0,0,0,0
+2127:0,1,0,0,0
+2128:0,0,1,0,0
+2129:0,0,0,1,0
+2130:0,0,0,0,1
+2131:1,0,0,0,0
+2132:0,1,0,0,0
+2133:0,0,1,0,0
+2134:0,0,0,1,0
+2135:0,0,0,0,1
+2136:1,0,0,0,0
+2137:0,1,0,0,0
+2138:0,0,1,0,0
+2139:0,0,0,1,0
+2140:0,0,0,0,1
+2141:1,0,0,0,0
+2142:0,1,0,0,0
+2143:0,0,1,0,0
+2144:0,0,0,1,0
+2145:0,0,0,0,1
+2146:1,0,0,0,0
+2147:0,1,0,0,0
+2148:0,0,1,0,0
+2149:0,0,0,1,0
+2150:0,1,0,0,0
+2151:0,0,1,0,0
+2152:0,0,0,1,0
+2153:0,0,0,0,1
+2154:1,0,0,0,0
+2155:0,1,0,0,0
+2156:0,0,1,0,0
+2157:0,0,0,1,0
+2158:0,0,0,0,1
+2159:1,0,0,0,0
+2160:0,1,0,0,0
+2161:0,0,1,0,0
+2162:0,0,0,1,0
+2163:0,0,0,0,1
+2164:1,0,0,0,0
+2165:0,1,0,0,0
+2166:0,0,1,0,0
+2167:0,0,0,1,0
+2168:0,0,0,0,1
+2169:1,0,0,0,0
+2170:0,1,0,0,0
+2171:0,0,1,0,0
+2172:0,0,0,1,0
+2173:0,0,0,0,1
+2174:1,0,0,0,0
+2175:0,1,0,0,0
+2176:0,0,1,0,0
+2177:0,0,0,1,0
+2178:0,0,0,0,1
+2179:1,0,0,0,0
+2180:0,1,0,0,0
+2181:0,0,1,0,0
+2182:0,0,0,1,0
+2183:0,0,0,0,1
+2184:1,0,0,0,0
+2185:0,1,0,0,0
+2186:0,0,1,0,0
+2187:0,0,0,1,0
+2188:0,0,0,0,1
+2189:1,0,0,0,0
+2190:0,1,0,0,0
+2191:0,0,1,0,0
+2192:0,0,0,1,0
+2193:0,0,0,0,1
+2194:1,0,0,0,0
+2195:0,1,0,0,0
+2196:0,0,1,0,0
+2197:0,0,0,1,0
+2198:0,0,0,0,1
+2199:1,0,0,0,0
+2200:0,0,0,1,0
+2201:0,0,0,0,1
+2202:1,0,0,0,0
+2203:0,1,0,0,0
+2204:0,0,1,0,0
+2205:0,0,0,1,0
+2206:0,0,0,0,1
+2207:1,0,0,0,0
+2208:0,1,0,0,0
+2209:0,0,1,0,0
+2210:0,0,0,1,0
+2211:0,0,0,0,1
+2212:1,0,0,0,0
+2213:0,1,0,0,0
+2214:0,0,1,0,0
+2215:0,0,0,1,0
+2216:0,0,0,0,1
+2217:1,0,0,0,0
+2218:0,1,0,0,0
+2219:0,0,1,0,0
+2220:0,0,0,1,0
+2221:0,0,0,0,1
+2222:1,0,0,0,0
+2223:0,1,0,0,0
+2224:0,0,1,0,0
+2225:0,0,0,1,0
+2226:0,0,0,0,1
+2227:1,0,0,0,0
+2228:0,1,0,0,0
+2229:0,0,1,0,0
+2230:0,0,0,1,0
+2231:0,0,0,0,1
+2232:1,0,0,0,0
+2233:0,1,0,0,0
+2234:0,0,1,0,0
+2235:0,0,0,1,0
+2236:0,0,0,0,1
+2237:1,0,0,0,0
+2238:0,1,0,0,0
+2239:0,0,1,0,0
+2240:0,0,0,1,0
+2241:0,0,0,0,1
+2242:1,0,0,0,0
+2243:0,1,0,0,0
+2244:0,0,1,0,0
+2245:0,0,0,1,0
+2246:0,0,0,0,1
+2247:1,0,0,0,0
+2248:0,1,0,0,0
+2249:0,0,1,0,0
+2250:1,0,0,0,0
+2251:0,1,0,0,0
+2252:0,0,1,0,0
+2253:0,0,0,1,0
+2254:0,0,0,0,1
+2255:1,0,0,0,0
+2256:0,1,0,0,0
+2257:0,0,1,0,0
+2258:0,0,0,1,0
+2259:0,0,0,0,1
+2260:1,0,0,0,0
+2261:0,1,0,0,0
+2262:0,0,1,0,0
+2263:0,0,0,1,0
+2264:0,0,0,0,1
+2265:1,0,0,0,0
+2266:0,1,0,0,0
+2267:0,0,1,0,0
+2268:0,0,0,1,0
+2269:0,0,0,0,1
+2270:1,0,0,0,0
+2271:0,1,0,0,0
+2272:0,0,1,0,0
+2273:0,0,0,1,0
+2274:0,0,0,0,1
+2275:1,0,0,0,0
+2276:0,1,0,0,0
+2277:0,0,1,0,0
+2278:0,0,0,1,0
+2279:0,0,0,0,1
+2280:1,0,0,0,0
+2281:0,1,0,0,0
+2282:0,0,1,0,0
+2283:0,0,0,1,0
+2284:0,0,0,0,1
+2285:1,0,0,0,0
+2286:0,1,0,0,0
+2287:0,0,1,0,0
+2288:0,0,0,1,0
+2289:0,0,0,0,1
+2290:1,0,0,0,0
+2291:0,1,0,0,0
+2292:0,0,1,0,0
+2293:0,0,0,1,0
+2294:0,0,0,0,1
+2295:1,0,0,0,0
+2296:0,1,0,0,0
+2297:0,0,1,0,0
+2298:0,0,0,1,0
+2299:0,0,0,0,1
+2300:0,0,1,0,0
+2301:0,0,0,1,0
+2302:0,0,0,0,1
+2303:1,0,0,0,0
+2304:0,1,0,0,0
+2305:0,0,1,0,0
+2306:0,0,0,1,0
+2307:0,0,0,0,1
+2308:1,0,0,0,0
+2309:0,1,0,0,0
+2310:0,0,1,0,0
+2311:0,0,0,1,0
+2312:0,0,0,0,1
+2313:1,0,0,0,0
+2314:0,1,0,0,0
+2315:0,0,1,0,0
+2316:0,0,0,1,0
+2317:0,0,0,0,1
+2318:1,0,0,0,0
+2319:0,1,0,0,0
+2320:0,0,1,0,0
+2321:0,0,0,1,0
+2322:0,0,0,0,1
+2323:1,0,0,0,0
+2324:0,1,0,0,0
+2325:0,0,1,0,0
+2326:0,0,0,1,0
+2327:0,0,0,0,1
+2328:1,0,0,0,0
+2329:0,1,0,0,0
+2330:0,0,1,0,0
+2331:0,0,0,1,0
+2332:0,0,0,0,1
+2333:1,0,0,0,0
+2334:0,1,0,0,0
+2335:0,0,1,0,0
+2336:0,0,0,1,0
+2337:0,0,0,0,1
+2338:1,0,0,0,0
+2339:0,1,0,0,0
+2340:0,0,1,0,0
+2341:0,0,0,1,0
+2342:0,0,0,0,1
+2343:1,0,0,0,0
+2344:0,1,0,0,0
+2345:0,0,1,0,0
+2346:0,0,0,1,0
+2347:0,0,0,0,1
+2348:1,0,0,0,0
+2349:0,1,0,0,0
+2350:0,0,0,0,1
+2351:1,0,0,0,0
+2352:0,1,0,0,0
+2353:0,0,1,0,0
+2354:0,0,0,1,0
+2355:0,0,0,0,1
+2356:1,0,0,0,0
+2357:0,1,0,0,0
+2358:0,0,1,0,0
+2359:0,0,0,1,0
+2360:0,0,0,0,1
+2361:1,0,0,0,0
+2362:0,1,0,0,0
+2363:0,0,1,0,0
+2364:0,0,0,1,0
+2365:0,0,0,0,1
+2366:1,0,0,0,0
+2367:0,1,0,0,0
+2368:0,0,1,0,0
+2369:0,0,0,1,0
+2370:0,0,0,0,1
+2371:1,0,0,0,0
+2372:0,1,0,0,0
+2373:0,0,1,0,0
+2374:0,0,0,1,0
+2375:0,0,0,0,1
+2376:1,0,0,0,0
+2377:0,1,0,0,0
+2378:0,0,1,0,0
+2379:0,0,0,1,0
+2380:0,0,0,0,1
+2381:1,0,0,0,0
+2382:0,1,0,0,0
+2383:0,0,1,0,0
+2384:0,0,0,1,0
+2385:0,0,0,0,1
+2386:1,0,0,0,0
+2387:0,1,0,0,0
+2388:0,0,1,0,0
+2389:0,0,0,1,0
+2390:0,0,0,0,1
+2391:1,0,0,0,0
+2392:0,1,0,0,0
+2393:0,0,1,0,0
+2394:0,0,0,1,0
+2395:0,0,0,0,1
+2396:1,0,0,0,0
+2397:0,1,0,0,0
+2398:0,0,1,0,0
+2399:0,0,0,1,0
+2400:0,1,0,0,0
+2401:0,0,1,0,0
+2402:0,0,0,1,0
+2403:0,0,0,0,1
+2404:1,0,0,0,0
+2405:0,1,0,0,0
+2406:0,0,1,0,0
+2407:0,0,0,1,0
+2408:0,0,0,0,1
+2409:1,0,0,0,0
+2410:0,1,0,0,0
+2411:0,0,1,0,0
+2412:0,0,0,1,0
+2413:0,0,0,0,1
+2414:1,0,0,0,0
+2415:0,1,0,0,0
+2416:0,0,1,0,0
+2417:0,0,0,1,0
+2418:0,0,0,0,1
+2419:1,0,0,0,0
+2420:0,1,0,0,0
+2421:0,0,1,0,0
+2422:0,0,0,1,0
+2423:0,0,0,0,1
+2424:1,0,0,0,0
+2425:0,1,0,0,0
+2426:0,0,1,0,0
+2427:0,0,0,1,0
+2428:0,0,0,0,1
+2429:1,0,0,0,0
+2430:0,1,0,0,0
+2431:0,0,1,0,0
+2432:0,0,0,1,0
+2433:0,0,0,0,1
+2434:1,0,0,0,0
+2435:0,1,0,0,0
+2436:0,0,1,0,0
+2437:0,0,0,1,0
+2438:0,0,0,0,1
+2439:1,0,0,0,0
+2440:0,1,0,0,0
+2441:0,0,1,0,0
+2442:0,0,0,1,0
+2443:0,0,0,0,1
+2444:1,0,0,0,0
+2445:0,1,0,0,0
+2446:0,0,1,0,0
+2447:0,0,0,1,0
+2448:0,0,0,0,1
+2449:1,0,0,0,0
+2450:0,0,0,1,0
+2451:0,0,0,0,1
+2452:1,0,0,0,0
+2453:0,1,0,0,0
+2454:0,0,1,0,0
+2455:0,0,0,1,0
+2456:0,0,0,0,1
+2457:1,0,0,0,0
+2458:0,1,0,0,0
+2459:0,0,1,0,0
+2460:0,0,0,1,0
+2461:0,0,0,0,1
+2462:1,0,0,0,0
+2463:0,1,0,0,0
+2464:0,0,1,0,0
+2465:0,0,0,1,0
+2466:0,0,0,0,1
+2467:1,0,0,0,0
+2468:0,1,0,0,0
+2469:0,0,1,0,0
+2470:0,0,0,1,0
+2471:0,0,0,0,1
+2472:1,0,0,0,0
+2473:0,1,0,0,0
+2474:0,0,1,0,0
+2475:0,0,0,1,0
+2476:0,0,0,0,1
+2477:1,0,0,0,0
+2478:0,1,0,0,0
+2479:0,0,1,0,0
+2480:0,0,0,1,0
+2481:0,0,0,0,1
+2482:1,0,0,0,0
+2483:0,1,0,0,0
+2484:0,0,1,0,0
+2485:0,0,0,1,0
+2486:0,0,0,0,1
+2487:1,0,0,0,0
+2488:0,1,0,0,0
+2489:0,0,1,0,0
+2490:0,0,0,1,0
+2491:0,0,0,0,1
+2492:1,0,0,0,0
+2493:0,1,0,0,0
+2494:0,0,1,0,0
+2495:0,0,0,1,0
+2496:0,0,0,0,1
+2497:1,0,0,0,0
+2498:0,1,0,0,0
+2499:0,0,1,0,0
