+0:1,0,0,0,0
+1:0,1,0,0,0
+2:0,0,1,0,0
+3:0,0,0,1,0
+4:0,0,0,0,1
+5:1,0,0,0,0
+6:0,1,0,0,0
+7:0,0,1,0,0
+8:0,0,0,1,0
+9:0,0,0,0,1
+10:1,0,0,0,0
+11:0,1,0,0,0
+12:0,0,1,0,0
+13:0,0,0,1,0
+14:0,0,0,0,1
+15:1,0,0,0,0
+16:0,1,0,0,0
+17:0,0,1,0,0
+18:0,0,0,1,0
+19:0,0,0,0,1
+20:1,0,0,0,0
+21:0,1,0,0,0
+22:0,0,1,0,0
+23:0,0,0,1,0
+24:0,0,0,0,1
+25:1,0,0,0,0
+26:0,1,0,0,0
+27:0,0,1,0,0
+28:0,0,0,1,0
+29:0,0,0,0,1
+30:1,0,0,0,0
+31:0,1,0,0,0
+32:0,0,1,0,0
+33:0,0,0,1,0
+34:0,0,0,0,1
+35:1,0,0,0,0
+36:0,1,0,0,0
+37:0,0,1,0,0
+38:0,0,0,1,0
+39:0,0,1,0,0
+40:0,0,0,1,0
+41:0,0,0,0,1
+42:1,0,0,0,0
+43:0,1,0,0,0
+44:0,0,1,0,0
+45:0,0,0,1,0
+46:0,0,0,0,1
+47:1,0,0,0,0
+48:0,1,0,0,0
+49:0,0,1,0,0
+50:0,0,0,1,0
+51:0,0,0,0,1
+52:1,0,0,0,0
+53:0,1,0,0,0
+54:0,0,1,0,0
+55:0,0,0,1,0
+56:0,0,0,0,1
+57:1,0,0,0,0
+58:0,1,0,0,0
+59:0,0,1,0,0
+60:0,0,0,1,0
+61:0,0,0,0,1
+62:1,0,0,0,0
+63:0,1,0,0,0
+64:0,0,1,0,0
+65:0,0,0,1,0
+66:0,0,0,0,1
+67:1,0,0,0,0
+68:0,1,0,0,0
+69:0,0,1,0,0
+70:0,0,0,1,0
+71:0,0,0,0,1
+72:1,0,0,0,0
+73:0,1,0,0,0
+74:0,0,1,0,0
+75:0,0,0,1,0
+76:0,0,0,0,1
+77:1,0,0,0,0
+78:0,0,0,0,1
+79:1,0,0,0,0
+80:0,1,0,0,0
+81:0,0,1,0,0
+82:0,0,0,1,0
+83:0,0,0,0,1
+84:1,0,0,0,0
+85:0,1,0,0,0
+86:0,0,1,0,0
+87:0,0,0,1,0
+88:0,0,0,0,1
+89:1,0,0,0,0
+90:0,1,0,0,0
+91:0,0,1,0,0
+92:0,0,0,1,0
+93:0,0,0,0,1
+94:1,0,0,0,0
+95:0,1,0,0,0
+96:0,0,1,0,0
+97:0,0,0,1,0
+98:0,0,0,0,1
+99:1,0,0,0,0
+100:0,1,0,0,0
+101:0,0,1,0,0
+102:0,0,0,1,0
+103:0,0,0,0,1
+104:1,0,0,0,0
+105:0,1,0,0,0
+106:0,0,1,0,0
+107:0,0,0,1,0
+108:0,0,0,0,1
+109:1,0,0,0,0
+110:0,1,0,0,0
+111:0,0,1,0,0
+112:0,0,0,1,0
+113:0,0,0,0,1
+114:1,0,0,0,0
+115:0,1,0,0,0
+116:0,0,1,0,0
+117:0,1,0,0,0
+118:0,0,1,0,0
+119:0,0,0,1,0
+120:0,0,0,0,1
+121:1,0,0,0,0
+122:0,1,0,0,0
+123:0,0,1,0,0
+124:0,0,0,1,0
+125:0,0,0,0,1
+126:1,0,0,0,0
+127:0,1,0,0,0
+128:0,0,1,0,0
+129:0,0,0,1,0
+130:0,0,0,0,1
+131:1,0,0,0,0
+132:0,1,0,0,0
+133:0,0,1,0,0
+134:0,0,0,1,0
+135:0,0,0,0,1
+136:1,0,0,0,0
+137:0,1,0,0,0
+138:0,0,1,0,0
+139:0,0,0,1,0
+140:0,0,0,0,1
+141:1,0,0,0,0
+142:0,1,0,0,0
+143:0,0,1,0,0
+144:0,0,0,1,0
+145:0,0,0,0,1
+146:1,0,0,0,0
+147:0,1,0,0,0
+148:0,0,1,0,0
+149:0,0,0,1,0
+150:0,0,0,0,1
+151:1,0,0,0,0
+152:0,1,0,0,0
+153:0,0,1,0,0
+154:0,0,0,1,0
+155:0,0,0,0,1
+156:0,0,0,1,0
+157:0,0,0,0,1
+158:1,0,0,0,0
+159:0,1,0,0,0
+160:0,0,1,0,0
+161:0,0,0,1,0
+162:0,0,0,0,1
+163:1,0,0,0,0
+164:0,1,0,0,0
+165:0,0,1,0,0
+166:0,0,0,1,0
+167:0,0,0,0,1
+168:1,0,0,0,0
+169:0,1,0,0,0
+170:0,0,1,0,0
+171:0,0,0,1,0
+172:0,0,0,0,1
+173:1,0,0,0,0
+174:0,1,0,0,0
+175:0,0,1,0,0
+176:0,0,0,1,0
+177:0,0,0,0,1
+178:1,0,0,0,0
+179:0,1,0,0,0
+180:0,0,1,0,0
+181:0,0,0,1,0
+182:0,0,0,0,1
+183:1,0,0,0,0
+184:0,1,0,0,0
+185:0,0,1,0,0
+186:0,0,0,1,0
+187:0,0,0,0,1
+188:1,0,0,0,0
+189:0,1,0,0,0
+190:0,0,1,0,0
+191:0,0,0,1,0
+192:0,0,0,0,1
+193:1,0,0,0,0
+194:0,1,0,0,0
+195:1,0,0,0,0
+196:0,1,0,0,0
+197:0,0,1,0,0
+198:0,0,0,1,0
+199:0,0,0,0,1
+200:1,0,0,0,0
+201:0,1,0,0,0
+202:0,0,1,0,0
+203:0,0,0,1,0
+204:0,0,0,0,1
+205:1,0,0,0,0
+206:0,1,0,0,0
+207:0,0,1,0,0
+208:0,0,0,1,0
+209:0,0,0,0,1
+210:1,0,0,0,0
+211:0,1,0,0,0
+212:0,0,1,0,0
+213:0,0,0,1,0
+214:0,0,0,0,1
+215:1,0,0,0,0
+216:0,1,0,0,0
+217:0,0,1,0,0
+218:0,0,0,1,0
+219:0,0,0,0,1
+220:1,0,0,0,0
+221:0,1,0,0,0
+222:0,0,1,0,0
+223:0,0,0,1,0
+224:0,0,0,0,1
+225:1,0,0,0,0
+226:0,1,0,0,0
+227:0,0,1,0,0
+228:0,0,0,1,0
+229:0,0,0,0,1
+230:1,0,0,0,0
+231:0,1,0,0,0
+232:0,0,1,0,0
+233:0,0,0,1,0
+234:0,0,1,0,0
+235:0,0,0,1,0
+236:0,0,0,0,1
+237:1,0,0,0,0
+238:0,1,0,0,0
+239:0,0,1,0,0
+240:0,0,0,1,0
+241:0,0,0,0,1
+242:1,0,0,0,0
+243:0,1,0,0,0
+244:0,0,1,0,0
+245:0,0,0,1,0
+246:0,0,0,0,1
+247:1,0,0,0,0
+248:0,1,0,0,0
+249:0,0,1,0,0
+250:0,0,0,1,0
+251:0,0,0,0,1
+252:1,0,0,0,0
+253:0,1,0,0,0
+254:0,0,1,0,0
+255:0,0,0,1,0
+256:0,0,0,0,1
+257:1,0,0,0,0
+258:0,1,0,0,0
+259:0,0,1,0,0
+260:0,0,0,1,0
+261:0,0,0,0,1
+262:1,0,0,0,0
+263:0,1,0,0,0
+264:0,0,1,0,0
+265:0,0,0,1,0
+266:0,0,0,0,1
+267:1,0,0,0,0
+268:0,1,0,0,0
+269:0,0,1,0,0
+270:0,0,0,1,0
+271:0,0,0,0,1
+272:1,0,0,0,0
+273:0,0,0,0,1
+274:1,0,0,0,0
+275:0,1,0,0,0
+276:0,0,1,0,0
+277:0,0,0,1,0
+278:0,0,0,0,1
+279:1,0,0,0,0
+280:0,1,0,0,0
+281:0,0,1,0,0
+282:0,0,0,1,0
+283:0,0,0,0,1
+284:1,0,0,0,0
+285:0,1,0,0,0
+286:0,0,1,0,0
+287:0,0,0,1,0
+288:0,0,0,0,1
+289:1,0,0,0,0
+290:0,1,0,0,0
+291:0,0,1,0,0
+292:0,0,0,1,0
+293:0,0,0,0,1
+294:1,0,0,0,0
+295:0,1,0,0,0
+296:0,0,1,0,0
+297:0,0,0,1,0
+298:0,0,0,0,1
+299:1,0,0,0,0
+300:0,1,0,0,0
+301:0,0,1,0,0
+302:0,0,0,1,0
+303:0,0,0,0,1
+304:1,0,0,0,0
+305:0,1,0,0,0
+306:0,0,1,0,0
+307:0,0,0,1,0
+308:0,0,0,0,1
+309:1,0,0,0,0
+310:0,1,0,0,0
+311:0,0,1,0,0
+312:0,1,0,0,0
+313:0,0,1,0,0
+314:0,0,0,1,0
+315:0,0,0,0,1
+316:1,0,0,0,0
+317:0,1,0,0,0
+318:0,0,1,0,0
+319:0,0,0,1,0
+320:0,0,0,0,1
+321:1,0,0,0,0
+322:0,1,0,0,0
+323:0,0,1,0,0
+324:0,0,0,1,0
+325:0,0,0,0,1
+326:1,0,0,0,0
+327:0,1,0,0,0
+328:0,0,1,0,0
+329:0,0,0,1,0
+330:0,0,0,0,1
+331:1,0,0,0,0
+332:0,1,0,0,0
+333:0,0,1,0,0
+334:0,0,0,1,0
+335:0,0,0,0,1
+336:1,0,0,0,0
+337:0,1,0,0,0
+338:0,0,1,0,0
+339:0,0,0,1,0
+340:0,0,0,0,1
+341:1,0,0,0,0
+342:0,1,0,0,0
+343:0,0,1,0,0
+344:0,0,0,1,0
+345:0,0,0,0,1
+346:1,0,0,0,0
+347:0,1,0,0,0
+348:0,0,1,0,0
+349:0,0,0,1,0
+350:0,0,0,0,1
+351:0,0,0,1,0
+352:0,0,0,0,1
+353:1,0,0,0,0
+354:0,1,0,0,0
+355:0,0,1,0,0
+356:0,0,0,1,0
+357:0,0,0,0,1
+358:1,0,0,0,0
+359:0,1,0,0,0
+360:0,0,1,0,0
+361:0,0,0,1,0
+362:0,0,0,0,1
+363:1,0,0,0,0
+364:0,1,0,0,0
+365:0,0,1,0,0
+366:0,0,0,1,0
+367:0,0,0,0,1
+368:1,0,0,0,0
+369:0,1,0,0,0
+370:0,0,1,0,0
+371:0,0,0,1,0
+372:0,0,0,0,1
+373:1,0,0,0,0
+374:0,1,0,0,0
+375:0,0,1,0,0
+376:0,0,0,1,0
+377:0,0,0,0,1
+378:1,0,0,0,0
+379:0,1,0,0,0
+380:0,0,1,0,0
+381:0,0,0,1,0
+382:0,0,0,0,1
+383:1,0,0,0,0
+384:0,1,0,0,0
+385:0,0,1,0,0
+386:0,0,0,1,0
+387:0,0,0,0,1
+388:1,0,0,0,0
+389:0,1,0,0,0
+390:1,0,0,0,0
+391:0,1,0,0,0
+392:0,0,1,0,0
+393:0,0,0,1,0
+394:0,0,0,0,1
+395:1,0,0,0,0
+396:0,1,0,0,0
+397:0,0,1,0,0
+398:0,0,0,1,0
+399:0,0,0,0,1
+400:1,0,0,0,0
+401:0,1,0,0,0
+402:0,0,1,0,0
+403:0,0,0,1,0
+404:0,0,0,0,1
+405:1,0,0,0,0
+406:0,1,0,0,0
+407:0,0,1,0,0
+408:0,0,0,1,0
+409:0,0,0,0,1
+410:1,0,0,0,0
+411:0,1,0,0,0
+412:0,0,1,0,0
+413:0,0,0,1,0
+414:0,0,0,0,1
+415:1,0,0,0,0
+416:0,1,0,0,0
+417:0,0,1,0,0
+418:0,0,0,1,0
+419:0,0,0,0,1
+420:1,0,0,0,0
+421:0,1,0,0,0
+422:0,0,1,0,0
+423:0,0,0,1,0
+424:0,0,0,0,1
+425:1,0,0,0,0
+426:0,1,0,0,0
+427:0,0,1,0,0
+428:0,0,0,1,0
+429:0,0,1,0,0
+430:0,0,0,1,0
+431:0,0,0,0,1
+432:1,0,0,0,0
+433:0,1,0,0,0
+434:0,0,1,0,0
+435:0,0,0,1,0
+436:0,0,0,0,1
+437:1,0,0,0,0
+438:0,1,0,0,0
+439:0,0,1,0,0
+440:0,0,0,1,0
+441:0,0,0,0,1
+442:1,0,0,0,0
+443:0,1,0,0,0
+444:0,0,1,0,0
+445:0,0,0,1,0
+446:0,0,0,0,1
+447:1,0,0,0,0
+448:0,1,0,0,0
+449:0,0,1,0,0
+450:0,0,0,1,0
+451:0,0,0,0,1
+452:1,0,0,0,0
+453:0,1,0,0,0
+454:0,0,1,0,0
+455:0,0,0,1,0
+456:0,0,0,0,1
+457:1,0,0,0,0
+458:0,1,0,0,0
+459:0,0,1,0,0
+460:0,0,0,1,0
+461:0,0,0,0,1
+462:1,0,0,0,0
+463:0,1,0,0,0
+464:0,0,1,0,0
+465:0,0,0,1,0
+466:0,0,0,0,1
+467:1,0,0,0,0
+468:0,0,0,0,1
+469:1,0,0,0,0
+470:0,1,0,0,0
+471:0,0,1,0,0
+472:0,0,0,1,0
+473:0,0,0,0,1
+474:1,0,0,0,0
+475:0,1,0,0,0
+476:0,0,1,0,0
+477:0,0,0,1,0
+478:0,0,0,0,1
+479:1,0,0,0,0
+480:0,1,0,0,0
+481:0,0,1,0,0
+482:0,0,0,1,0
+483:0,0,0,0,1
+484:1,0,0,0,0
+485:0,1,0,0,0
+486:0,0,1,0,0
+487:0,0,0,1,0
+488:0,0,0,0,1
+489:1,0,0,0,0
+490:0,1,0,0,0
+491:0,0,1,0,0
+492:0,0,0,1,0
+493:0,0,0,0,1
+494:1,0,0,0,0
+495:0,1,0,0,0
+496:0,0,1,0,0
+497:0,0,0,1,0
+498:0,0,0,0,1
+499:1,0,0,0,0
+500:0,1,0,0,0
+501:0,0,1,0,0
+502:0,0,0,1,0
+503:0,0,0,0,1
+504:1,0,0,0,0
+505:0,1,0,0,0
+506:0,0,1,0,0
+507:0,1,0,0,0
+508:0,0,1,0,0
+509:0,0,0,1,0
+510:0,0,0,0,1
+511:1,0,0,0,0
+512:0,1,0,0,0
+513:0,0,1,0,0
+514:0,0,0,1,0
+515:0,0,0,0,1
+516:1,0,0,0,0
+517:0,1,0,0,0
+518:0,0,1,0,0
+519:0,0,0,1,0
+520:0,0,0,0,1
+521:1,0,0,0,0
+522:0,1,0,0,0
+523:0,0,1,0,0
+524:0,0,0,1,0
+525:0,0,0,0,1
+526:1,0,0,0,0
+527:0,1,0,0,0
+528:0,0,1,0,0
+529:0,0,0,1,0
+530:0,0,0,0,1
+531:1,0,0,0,0
+532:0,1,0,0,0
+533:0,0,1,0,0
+534:0,0,0,1,0
+535:0,0,0,0,1
+536:1,0,0,0,0
+537:0,1,0,0,0
+538:0,0,1,0,0
+539:0,0,0,1,0
+540:0,0,0,0,1
+541:1,0,0,0,0
+542:0,1,0,0,0
+543:0,0,1,0,0
+544:0,0,0,1,0
+545:0,0,0,0,1
+546:0,0,0,1,0
+547:0,0,0,0,1
+548:1,0,0,0,0
+549:0,1,0,0,0
+550:0,0,1,0,0
+551:0,0,0,1,0
+552:0,0,0,0,1
+553:1,0,0,0,0
+554:0,1,0,0,0
+555:0,0,1,0,0
+556:0,0,0,1,0
+557:0,0,0,0,1
+558:1,0,0,0,0
+559:0,1,0,0,0
+560:0,0,1,0,0
+561:0,0,0,1,0
+562:0,0,0,0,1
+563:1,0,0,0,0
+564:0,1,0,0,0
+565:0,0,1,0,0
+566:0,0,0,1,0
+567:0,0,0,0,1
+568:1,0,0,0,0
+569:0,1,0,0,0
+570:0,0,1,0,0
+571:0,0,0,1,0
+572:0,0,0,0,1
+573:1,0,0,0,0
+574:0,1,0,0,0
+575:0,0,1,0,0
+576:0,0,0,1,0
+577:0,0,0,0,1
+578:1,0,0,0,0
+579:0,1,0,0,0
+580:0,0,1,0,0
+581:0,0,0,1,0
+582:0,0,0,0,1
+583:1,0,0,0,0
+584:0,1,0,0,0
+585:1,0,0,0,0
+586:0,1,0,0,0
+587:0,0,1,0,0
+588:0,0,0,1,0
+589:0,0,0,0,1
+590:1,0,0,0,0
+591:0,1,0,0,0
+592:0,0,1,0,0
+593:0,0,0,1,0
+594:0,0,0,0,1
+595:1,0,0,0,0
+596:0,1,0,0,0
+597:0,0,1,0,0
+598:0,0,0,1,0
+599:0,0,0,0,1
+600:1,0,0,0,0
+601:0,1,0,0,0
+602:0,0,1,0,0
+603:0,0,0,1,0
+604:0,0,0,0,1
+605:1,0,0,0,0
+606:0,1,0,0,0
+607:0,0,1,0,0
+608:0,0,0,1,0
+609:0,0,0,0,1
+610:1,0,0,0,0
+611:0,1,0,0,0
+612:0,0,1,0,0
+613:0,0,0,1,0
+614:0,0,0,0,1
+615:1,0,0,0,0
+616:0,1,0,0,0
+617:0,0,1,0,0
+618:0,0,0,1,0
+619:0,0,0,0,1
+620:1,0,0,0,0
+621:0,1,0,0,0
+622:0,0,1,0,0
+623:0,0,0,1,0
+624:0,0,1,0,0
+625:0,0,0,1,0
+626:0,0,0,0,1
+627:1,0,0,0,0
+628:0,1,0,0,0
+629:0,0,1,0,0
+630:0,0,0,1,0
+631:0,0,0,0,1
+632:1,0,0,0,0
+633:0,1,0,0,0
+634:0,0,1,0,0
+635:0,0,0,1,0
+636:0,0,0,0,1
+637:1,0,0,0,0
+638:0,1,0,0,0
+639:0,0,1,0,0
+640:0,0,0,1,0
+641:0,0,0,0,1
+642:1,0,0,0,0
+643:0,1,0,0,0
+644:0,0,1,0,0
+645:0,0,0,1,0
+646:0,0,0,0,1
+647:1,0,0,0,0
+648:0,1,0,0,0
+649:0,0,1,0,0
+650:0,0,0,1,0
+651:0,0,0,0,1
+652:1,0,0,0,0
+653:0,1,0,0,0
+654:0,0,1,0,0
+655:0,0,0,1,0
+656:0,0,0,0,1
+657:1,0,0,0,0
+658:0,1,0,0,0
+659:0,0,1,0,0
+660:0,0,0,1,0
+661:0,0,0,0,1
+662:1,0,0,0,0
+663:0,0,0,0,1
+664:1,0,0,0,0
+665:0,1,0,0,0
+666:0,0,1,0,0
+667:0,0,0,1,0
+668:0,0,0,0,1
+669:1,0,0,0,0
+670:0,1,0,0,0
+671:0,0,1,0,0
+672:0,0,0,1,0
+673:0,0,0,0,1
+674:1,0,0,0,0
+675:0,1,0,0,0
+676:0,0,1,0,0
+677:0,0,0,1,0
+678:0,0,0,0,1
+679:1,0,0,0,0
+680:0,1,0,0,0
+681:0,0,1,0,0
+682:0,0,0,1,0
+683:0,0,0,0,1
+684:1,0,0,0,0
+685:0,1,0,0,0
+686:0,0,1,0,0
+687:0,0,0,1,0
+688:0,0,0,0,1
+689:1,0,0,0,0
+690:0,1,0,0,0
+691:0,0,1,0,0
+692:0,0,0,1,0
+693:0,0,0,0,1
+694:1,0,0,0,0
+695:0,1,0,0,0
+696:0,0,1,0,0
+697:0,0,0,1,0
+698:0,0,0,0,1
+699:1,0,0,0,0
+700:0,1,0,0,0
+701:0,0,1,0,0
+702:0,1,0,0,0
+703:0,0,1,0,0
+704:0,0,0,1,0
+705:0,0,0,0,1
+706:1,0,0,0,0
+707:0,1,0,0,0
+708:0,0,1,0,0
+709:0,0,0,1,0
+710:0,0,0,0,1
+711:1,0,0,0,0
+712:0,1,0,0,0
+713:0,0,1,0,0
+714:0,0,0,1,0
+715:0,0,0,0,1
+716:1,0,0,0,0
+717:0,1,0,0,0
+718:0,0,1,0,0
+719:0,0,0,1,0
+720:0,0,0,0,1
+721:1,0,0,0,0
+722:0,1,0,0,0
+723:0,0,1,0,0
+724:0,0,0,1,0
+725:0,0,0,0,1
+726:1,0,0,0,0
+727:0,1,0,0,0
+728:0,0,1,0,0
+729:0,0,0,1,0
+730:0,0,0,0,1
+731:1,0,0,0,0
+732:0,1,0,0,0
+733:0,0,1,0,0
+734:0,0,0,1,0
+735:0,0,0,0,1
+736:1,0,0,0,0
+737:0,1,0,0,0
+738:0,0,1,0,0
+739:0,0,0,1,0
+740:0,0,0,0,1
+741:0,0,0,1,0
+742:0,0,0,0,1
+743:1,0,0,0,0
+744:0,1,0,0,0
+745:0,0,1,0,0
+746:0,0,0,1,0
+747:0,0,0,0,1
+748:1,0,0,0,0
+749:0,1,0,0,0
+750:0,0,1,0,0
+751:0,0,0,1,0
+752:0,0,0,0,1
+753:1,0,0,0,0
+754:0,1,0,0,0
+755:0,0,1,0,0
+756:0,0,0,1,0
+757:0,0,0,0,1
+758:1,0,0,0,0
+759:0,1,0,0,0
+760:0,0,1,0,0
+761:0,0,0,1,0
+762:0,0,0,0,1
+763:1,0,0,0,0
+764:0,1,0,0,0
+765:0,0,1,0,0
+766:0,0,0,1,0
+767:0,0,0,0,1
+768:1,0,0,0,0
+769:0,1,0,0,0
+770:0,0,1,0,0
+771:0,0,0,1,0
+772:0,0,0,0,1
+773:1,0,0,0,0
+774:0,1,0,0,0
+775:0,0,1,0,0
+776:0,0,0,1,0
+777:0,0,0,0,1
+778:1,0,0,0,0
+779:0,1,0,0,0
+780:1,0,0,0,0
+781:0,1,0,0,0
+782:0,0,1,0,0
+783:0,0,0,1,0
+784:0,0,0,0,1
+785:1,0,0,0,0
+786:0,1,0,0,0
+787:0,0,1,0,0
+788:0,0,0,1,0
+789:0,0,0,0,1
+790:1,0,0,0,0
+791:0,1,0,0,0
+792:0,0,1,0,0
+793:0,0,0,1,0
+794:0,0,0,0,1
+795:1,0,0,0,0
+796:0,1,0,0,0
+797:0,0,1,0,0
+798:0,0,0,1,0
+799:0,0,0,0,1
+800:1,0,0,0,0
+801:0,1,0,0,0
+802:0,0,1,0,0
+803:0,0,0,1,0
+804:0,0,0,0,1
+805:1,0,0,0,0
+806:0,1,0,0,0
+807:0,0,1,0,0
+808:0,0,0,1,0
+809:0,0,0,0,1
+810:1,0,0,0,0
+811:0,1,0,0,0
+812:0,0,1,0,0
+813:0,0,0,1,0
+814:0,0,0,0,1
+815:1,0,0,0,0
+816:0,1,0,0,0
+817:0,0,1,0,0
+818:0,0,0,1,0
+819:0,0,1,0,0
+820:0,0,0,1,0
+821:0,0,0,0,1
+822:1,0,0,0,0
+823:0,1,0,0,0
+824:0,0,1,0,0
+825:0,0,0,1,0
+826:0,0,0,0,1
+827:1,0,0,0,0
+828:0,1,0,0,0
+829:0,0,1,0,0
+830:0,0,0,1,0
+831:0,0,0,0,1
+832:1,0,0,0,0
+833:0,1,0,0,0
+834:0,0,1,0,0
+835:0,0,0,1,0
+836:0,0,0,0,1
+837:1,0,0,0,0
+838:0,1,0,0,0
+839:0,0,1,0,0
+840:0,0,0,1,0
+841:0,0,0,0,1
+842:1,0,0,0,0
+843:0,1,0,0,0
+844:0,0,1,0,0
+845:0,0,0,1,0
+846:0,0,0,0,1
+847:1,0,0,0,0
+848:0,1,0,0,0
+849:0,0,1,0,0
+850:0,0,0,1,0
+851:0,0,0,0,1
+852:1,0,0,0,0
+853:0,1,0,0,0
+854:0,0,1,0,0
+855:0,0,0,1,0
+856:0,0,0,0,1
+857:1,0,0,0,0
+858:0,0,0,0,1
+859:1,0,0,0,0
+860:0,1,0,0,0
+861:0,0,1,0,0
+862:0,0,0,1,0
+863:0,0,0,0,1
+864:1,0,0,0,0
+865:0,1,0,0,0
+866:0,0,1,0,0
+867:0,0,0,1,0
+868:0,0,0,0,1
+869:1,0,0,0,0
+870:0,1,0,0,0
+871:0,0,1,0,0
+872:0,0,0,1,0
+873:0,0,0,0,1
+874:1,0,0,0,0
+875:0,1,0,0,0
+876:0,0,1,0,0
+877:0,0,0,1,0
+878:0,0,0,0,1
+879:1,0,0,0,0
+880:0,1,0,0,0
+881:0,0,1,0,0
+882:0,0,0,1,0
+883:0,0,0,0,1
+884:1,0,0,0,0
+885:0,1,0,0,0
+886:0,0,1,0,0
+887:0,0,0,1,0
+888:0,0,0,0,1
+889:1,0,0,0,0
+890:0,1,0,0,0
+891:0,0,1,0,0
+892:0,0,0,1,0
+893:0,0,0,0,1
+894:1,0,0,0,0
+895:0,1,0,0,0
+896:0,0,1,0,0
+897:0,1,0,0,0
+898:0,0,1,0,0
+899:0,0,0,1,0
+900:0,0,0,0,1
+901:1,0,0,0,0
+902:0,1,0,0,0
+903:0,0,1,0,0
+904:0,0,0,1,0
+905:0,0,0,0,1
+906:1,0,0,0,0
+907:0,1,0,0,0
+908:0,0,1,0,0
+909:0,0,0,1,0
+910:0,0,0,0,1
+911:1,0,0,0,0
+912:0,1,0,0,0
+913:0,0,1,0,0
+914:0,0,0,1,0
+915:0,0,0,0,1
+916:1,0,0,0,0
+917:0,1,0,0,0
+918:0,0,1,0,0
+919:0,0,0,1,0
+920:0,0,0,0,1
+921:1,0,0,0,0
+922:0,1,0,0,0
+923:0,0,1,0,0
+924:0,0,0,1,0
+925:0,0,0,0,1
+926:1,0,0,0,0
+927:0,1,0,0,0
+928:0,0,1,0,0
+929:0,0,0,1,0
+930:0,0,0,0,1
+931:1,0,0,0,0
+932:0,1,0,0,0
+933:0,0,1,0,0
+934:0,0,0,1,0
+935:0,0,0,0,1
+936:0,0,0,1,0
+937:0,0,0,0,1
+938:1,0,0,0,0
+939:0,1,0,0,0
+940:0,0,1,0,0
+941:0,0,0,1,0
+942:0,0,0,0,1
+943:1,0,0,0,0
+944:0,1,0,0,0
+945:0,0,1,0,0
+946:0,0,0,1,0
+947:0,0,0,0,1
+948:1,0,0,0,0
+949:0,1,0,0,0
+950:0,0,1,0,0
+951:0,0,0,1,0
+952:0,0,0,0,1
+953:1,0,0,0,0
+954:0,1,0,0,0
+955:0,0,1,0,0
+956:0,0,0,1,0
+957:0,0,0,0,1
+958:1,0,0,0,0
+959:0,1,0,0,0
+960:0,0,1,0,0
+961:0,0,0,1,0
+962:0,0,0,0,1
+963:1,0,0,0,0
+964:0,1,0,0,0
+965:0,0,1,0,0
+966:0,0,0,1,0
+967:0,0,0,0,1
+968:1,0,0,0,0
+969:0,1,0,0,0
+970:0,0,1,0,0
+971:0,0,0,1,0
+972:0,0,0,0,1
+973:1,0,0,0,0
+974:0,1,0,0,0
+975:1,0,0,0,0
+976:0,1,0,0,0
+977:0,0,1,0,0
+978:0,0,0,1,0
+979:0,0,0,0,1
+980:1,0,0,0,0
+981:0,1,0,0,0
+982:0,0,1,0,0
+983:0,0,0,1,0
+984:0,0,0,0,1
+985:1,0,0,0,0
+986:0,1,0,0,0
+987:0,0,1,0,0
+988:0,0,0,1,0
+989:0,0,0,0,1
+990:1,0,0,0,0
+991:0,1,0,0,0
+992:0,0,1,0,0
+993:0,0,0,1,0
+994:0,0,0,0,1
+995:1,0,0,0,0
+996:0,1,0,0,0
+997:0,0,1,0,0
+998:0,0,0,1,0
+999:0,0,0,0,1
+1000:1,0,0,0,0
+1001:0,1,0,0,0
+1002:0,0,1,0,0
+1003:0,0,0,1,0
+1004:0,0,0,0,1
+1005:1,0,0,0,0
+1006:0,1,0,0,0
+1007:0,0,1,0,0
+1008:0,0,0,1,0
+1009:0,0,0,0,1
+1010:1,0,0,0,0
+1011:0,1,0,0,0
+1012:0,0,1,0,0
+1013:0,0,0,1,0
+1014:0,0,1,0,0
+1015:0,0,0,1,0
+1016:0,0,0,0,1
+1017:1,0,0,0,0
+1018:0,1,0,0,0
+1019:0,0,1,0,0
+1020:0,0,0,1,0
+1021:0,0,0,0,1
+1022:1,0,0,0,0
+1023:0,1,0,0,0
+1024:0,0,1,0,0
+1025:0,0,0,1,0
+1026:0,0,0,0,1
+1027:1,0,0,0,0
+1028:0,1,0,0,0
+1029:0,0,1,0,0
+1030:0,0,0,1,0
+1031:0,0,0,0,1
+1032:1,0,0,0,0
+1033:0,1,0,0,0
+1034:0,0,1,0,0
+1035:0,0,0,1,0
+1036:0,0,0,0,1
+1037:1,0,0,0,0
+1038:0,1,0,0,0
+1039:0,0,1,0,0
+1040:0,0,0,1,0
+1041:0,0,0,0,1
+1042:1,0,0,0,0
+1043:0,1,0,0,0
+1044:0,0,1,0,0
+1045:0,0,0,1,0
+1046:0,0,0,0,1
+1047:1,0,0,0,0
+1048:0,1,0,0,0
+1049:0,0,1,0,0
+1050:0,0,0,1,0
+1051:0,0,0,0,1
+1052:1,0,0,0,0
+1053:0,0,0,0,1
+1054:1,0,0,0,0
+1055:0,1,0,0,0
+1056:0,0,1,0,0
+1057:0,0,0,1,0
+1058:0,0,0,0,1
+1059:1,0,0,0,0
+1060:0,1,0,0,0
+1061:0,0,1,0,0
+1062:0,0,0,1,0
+1063:0,0,0,0,1
+1064:1,0,0,0,0
+1065:0,1,0,0,0
+1066:0,0,1,0,0
+1067:0,0,0,1,0
+1068:0,0,0,0,1
+1069:1,0,0,0,0
+1070:0,1,0,0,0
+1071:0,0,1,0,0
+1072:0,0,0,1,0
+1073:0,0,0,0,1
+1074:1,0,0,0,0
+1075:0,1,0,0,0
+1076:0,0,1,0,0
+1077:0,0,0,1,0
+1078:0,0,0,0,1
+1079:1,0,0,0,0
+1080:0,1,0,0,0
+1081:0,0,1,0,0
+1082:0,0,0,1,0
+1083:0,0,0,0,1
+1084:1,0,0,0,0
+1085:0,1,0,0,0
+1086:0,0,1,0,0
+1087:0,0,0,1,0
+1088:0,0,0,0,1
+1089:1,0,0,0,0
+1090:0,1,0,0,0
+1091:0,0,1,0,0
+1092:0,1,0,0,0
+1093:0,0,1,0,0
+1094:0,0,0,1,0
+1095:0,0,0,0,1
+1096:1,0,0,0,0
+1097:0,1,0,0,0
+1098:0,0,1,0,0
+1099:0,0,0,1,0
+1100:0,0,0,0,1
+1101:1,0,0,0,0
+1102:0,1,0,0,0
+1103:0,0,1,0,0
+1104:0,0,0,1,0
+1105:0,0,0,0,1
+1106:1,0,0,0,0
+1107:0,1,0,0,0
+1108:0,0,1,0,0
+1109:0,0,0,1,0
+1110:0,0,0,0,1
+1111:1,0,0,0,0
+1112:0,1,0,0,0
+1113:0,0,1,0,0
+1114:0,0,0,1,0
+1115:0,0,0,0,1
+1116:1,0,0,0,0
+1117:0,1,0,0,0
+1118:0,0,1,0,0
+1119:0,0,0,1,0
+1120:0,0,0,0,1
+1121:1,0,0,0,0
+1122:0,1,0,0,0
+1123:0,0,1,0,0
+1124:0,0,0,1,0
+1125:0,0,0,0,1
+1126:1,0,0,0,0
+1127:0,1,0,0,0
+1128:0,0,1,0,0
+1129:0,0,0,1,0
+1130:0,0,0,0,1
+1131:0,0,0,1,0
+1132:0,0,0,0,1
+1133:1,0,0,0,0
+1134:0,1,0,0,0
+1135:0,0,1,0,0
+1136:0,0,0,1,0
+1137:0,0,0,0,1
+1138:1,0,0,0,0
+1139:0,1,0,0,0
+1140:0,0,1,0,0
+1141:0,0,0,1,0
+1142:0,0,0,0,1
+1143:1,0,0,0,0
+1144:0,1,0,0,0
+1145:0,0,1,0,0
+1146:0,0,0,1,0
+1147:0,0,0,0,1
+1148:1,0,0,0,0
+1149:0,1,0,0,0
+1150:0,0,1,0,0
+1151:0,0,0,1,0
+1152:0,0,0,0,1
+1153:1,0,0,0,0
+1154:0,1,0,0,0
+1155:0,0,1,0,0
+1156:0,0,0,1,0
+1157:0,0,0,0,1
+1158:1,0,0,0,0
+1159:0,1,0,0,0
+1160:0,0,1,0,0
+1161:0,0,0,1,0
+1162:0,0,0,0,1
+1163:1,0,0,0,0
+1164:0,1,0,0,0
+1165:0,0,1,0,0
+1166:0,0,0,1,0
+1167:0,0,0,0,1
+1168:1,0,0,0,0
+1169:0,1,0,0,0
+1170:1,0,0,0,0
+1171:0,1,0,0,0
+1172:0,0,1,0,0
+1173:0,0,0,1,0
+1174:0,0,0,0,1
+1175:1,0,0,0,0
+1176:0,1,0,0,0
+1177:0,0,1,0,0
+1178:0,0,0,1,0
+1179:0,0,0,0,1
+1180:1,0,0,0,0
+1181:0,1,0,0,0
+1182:0,0,1,0,0
+1183:0,0,0,1,0
+1184:0,0,0,0,1
+1185:1,0,0,0,0
+1186:0,1,0,0,0
+1187:0,0,1,0,0
+1188:0,0,0,1,0
+1189:0,0,0,0,1
+1190:1,0,0,0,0
+1191:0,1,0,0,0
+1192:0,0,1,0,0
+1193:0,0,0,1,0
+1194:0,0,0,0,1
+1195:1,0,0,0,0
+1196:0,1,0,0,0
+1197:0,0,1,0,0
+1198:0,0,0,1,0
+1199:0,0,0,0,1
+1200:1,0,0,0,0
+1201:0,1,0,0,0
+1202:0,0,1,0,0
+1203:0,0,0,1,0
+1204:0,0,0,0,1
+1205:1,0,0,0,0
+1206:0,1,0,0,0
+1207:0,0,1,0,0
+1208:0,0,0,1,0
+1209:0,0,1,0,0
+1210:0,0,0,1,0
+1211:0,0,0,0,1
+1212:1,0,0,0,0
+1213:0,1,0,0,0
+1214:0,0,1,0,0
+1215:0,0,0,1,0
+1216:0,0,0,0,1
+1217:1,0,0,0,0
+1218:0,1,0,0,0
+1219:0,0,1,0,0
+1220:0,0,0,1,0
+1221:0,0,0,0,1
+1222:1,0,0,0,0
+1223:0,1,0,0,0
+1224:0,0,1,0,0
+1225:0,0,0,1,0
+1226:0,0,0,0,1
+1227:1,0,0,0,0
+1228:0,1,0,0,0
+1229:0,0,1,0,0
+1230:0,0,0,1,0
+1231:0,0,0,0,1
+1232:1,0,0,0,0
+1233:0,1,0,0,0
+1234:0,0,1,0,0
+1235:0,0,0,1,0
+1236:0,0,0,0,1
+1237:1,0,0,0,0
+1238:0,1,0,0,0
+1239:0,0,1,0,0
+1240:0,0,0,1,0
+1241:0,0,0,0,1
+1242:1,0,0,0,0
+1243:0,1,0,0,0
+1244:0,0,1,0,0
+1245:0,0,0,1,0
+1246:0,0,0,0,1
+1247:1,0,0,0,0
+1248:0,0,0,0,1
+1249:1,0,0,0,0
+1250:0,1,0,0,0
+1251:0,0,1,0,0
+1252:0,0,0,1,0
+1253:0,0,0,0,1
+1254:1,0,0,0,0
+1255:0,1,0,0,0
+1256:0,0,1,0,0
+1257:0,0,0,1,0
+1258:0,0,0,0,1
+1259:1,0,0,0,0
+1260:0,1,0,0,0
+1261:0,0,1,0,0
+1262:0,0,0,1,0
+1263:0,0,0,0,1
+1264:1,0,0,0,0
+1265:0,1,0,0,0
+1266:0,0,1,0,0
+1267:0,0,0,1,0
+1268:0,0,0,0,1
+1269:1,0,0,0,0
+1270:0,1,0,0,0
+1271:0,0,1,0,0
+1272:0,0,0,1,0
+1273:0,0,0,0,1
+1274:1,0,0,0,0
+1275:0,1,0,0,0
+1276:0,0,1,0,0
+1277:0,0,0,1,0
+1278:0,0,0,0,1
+1279:1,0,0,0,0
+1280:0,1,0,0,0
+1281:0,0,1,0,0
+1282:0,0,0,1,0
+1283:0,0,0,0,1
+1284:1,0,0,0,0
+1285:0,1,0,0,0
+1286:0,0,1,0,0
+1287:0,1,0,0,0
+1288:0,0,1,0,0
+1289:0,0,0,1,0
+1290:0,0,0,0,1
+1291:1,0,0,0,0
+1292:0,1,0,0,0
+1293:0,0,1,0,0
+1294:0,0,0,1,0
+1295:0,0,0,0,1
+1296:1,0,0,0,0
+1297:0,1,0,0,0
+1298:0,0,1,0,0
+1299:0,0,0,1,0
+1300:0,0,0,0,1
+1301:1,0,0,0,0
+1302:0,1,0,0,0
+1303:0,0,1,0,0
+1304:0,0,0,1,0
+1305:0,0,0,0,1
+1306:1,0,0,0,0
+1307:0,1,0,0,0
+1308:0,0,1,0,0
+1309:0,0,0,1,0
+1310:0,0,0,0,1
+1311:1,0,0,0,0
+1312:0,1,0,0,0
+1313:0,0,1,0,0
+1314:0,0,0,1,0
+1315:0,0,0,0,1
+1316:1,0,0,0,0
+1317:0,1,0,0,0
+1318:0,0,1,0,0
+1319:0,0,0,1,0
+1320:0,0,0,0,1
+1321:1,0,0,0,0
+1322:0,1,0,0,0
+1323:0,0,1,0,0
+1324:0,0,0,1,0
+1325:0,0,0,0,1
+1326:0,0,0,1,0
+1327:0,0,0,0,1
+1328:1,0,0,0,0
+1329:0,1,0,0,0
+1330:0,0,1,0,0
+1331:0,0,0,1,0
+1332:0,0,0,0,1
+1333:1,0,0,0,0
+1334:0,1,0,0,0
+1335:0,0,1,0,0
+1336:0,0,0,1,0
+1337:0,0,0,0,1
+1338:1,0,0,0,0
+1339:0,1,0,0,0
+1340:0,0,1,0,0
+1341:0,0,0,1,0
+1342:0,0,0,0,1
+1343:1,0,0,0,0
+1344:0,1,0,0,0
+1345:0,0,1,0,0
+1346:0,0,0,1,0
+1347:0,0,0,0,1
+1348:1,0,0,0,0
+1349:0,1,0,0,0
+1350:0,0,1,0,0
+1351:0,0,0,1,0
+1352:0,0,0,0,1
+1353:1,0,0,0,0
+1354:0,1,0,0,0
+1355:0,0,1,0,0
+1356:0,0,0,1,0
+1357:0,0,0,0,1
+1358:1,0,0,0,0
+1359:0,1,0,0,0
+1360:0,0,1,0,0
+1361:0,0,0,1,0
+1362:0,0,0,0,1
+1363:1,0,0,0,0
+1364:0,1,0,0,0
+1365:1,0,0,0,0
+1366:0,1,0,0,0
+1367:0,0,1,0,0
+1368:0,0,0,1,0
+1369:0,0,0,0,1
+1370:1,0,0,0,0
+1371:0,1,0,0,0
+1372:0,0,1,0,0
+1373:0,0,0,1,0
+1374:0,0,0,0,1
+1375:1,0,0,0,0
+1376:0,1,0,0,0
+1377:0,0,1,0,0
+1378:0,0,0,1,0
+1379:0,0,0,0,1
+1380:1,0,0,0,0
+1381:0,1,0,0,0
+1382:0,0,1,0,0
+1383:0,0,0,1,0
+1384:0,0,0,0,1
+1385:1,0,0,0,0
+1386:0,1,0,0,0
+1387:0,0,1,0,0
+1388:0,0,0,1,0
+1389:0,0,0,0,1
+1390:1,0,0,0,0
+1391:0,1,0,0,0
+1392:0,0,1,0,0
+1393:0,0,0,1,0
+1394:0,0,0,0,1
+1395:1,0,0,0,0
+1396:0,1,0,0,0
+1397:0,0,1,0,0
+1398:0,0,0,1,0
+1399:0,0,0,0,1
+1400:1,0,0,0,0
+1401:0,1,0,0,0
+1402:0,0,1,0,0
+1403:0,0,0,1,0
+1404:0,0,1,0,0
+1405:0,0,0,1,0
+1406:0,0,0,0,1
+1407:1,0,0,0,0
+1408:0,1,0,0,0
+1409:0,0,1,0,0
+1410:0,0,0,1,0
+1411:0,0,0,0,1
+1412:1,0,0,0,0
+1413:0,1,0,0,0
+1414:0,0,1,0,0
+1415:0,0,0,1,0
+1416:0,0,0,0,1
+1417:1,0,0,0,0
+1418:0,1,0,0,0
+1419:0,0,1,0,0
+1420:0,0,0,1,0
+1421:0,0,0,0,1
+1422:1,0,0,0,0
+1423:0,1,0,0,0
+1424:0,0,1,0,0
+1425:0,0,0,1,0
+1426:0,0,0,0,1
+1427:1,0,0,0,0
+1428:0,1,0,0,0
+1429:0,0,1,0,0
+1430:0,0,0,1,0
+1431:0,0,0,0,1
+1432:1,0,0,0,0
+1433:0,1,0,0,0
+1434:0,0,1,0,0
+1435:0,0,0,1,0
+1436:0,0,0,0,1
+1437:1,0,0,0,0
+1438:0,1,0,0,0
+1439:0,0,1,0,0
+1440:0,0,0,1,0
+1441:0,0,0,0,1
+1442:1,0,0,0,0
+1443:0,0,0,0,1
+1444:1,0,0,0,0
+1445:0,1,0,0,0
+1446:0,0,1,0,0
+1447:0,0,0,1,0
+1448:0,0,0,0,1
+1449:1,0,0,0,0
+1450:0,1,0,0,0
+1451:0,0,1,0,0
+1452:0,0,0,1,0
+1453:0,0,0,0,1
+1454:1,0,0,0,0
+1455:0,1,0,0,0
+1456:0,0,1,0,0
+1457:0,0,0,1,0
+1458:0,0,0,0,1
+1459:1,0,0,0,0
+1460:0,1,0,0,0
+1461:0,0,1,0,0
+1462:0,0,0,1,0
+1463:0,0,0,0,1
+1464:1,0,0,0,0
+1465:0,1,0,0,0
+1466:0,0,1,0,0
+1467:0,0,0,1,0
+1468:0,0,0,0,1
+1469:1,0,0,0,0
+1470:0,1,0,0,0
+1471:0,0,1,0,0
+1472:0,0,0,1,0
+1473:0,0,0,0,1
+1474:1,0,0,0,0
+1475:0,1,0,0,0
+1476:0,0,1,0,0
+1477:0,0,0,1,0
+1478:0,0,0,0,1
+1479:1,0,0,0,0
+1480:0,1,0,0,0
+1481:0,0,1,0,0
+1482:0,1,0,0,0
+1483:0,0,1,0,0
+1484:0,0,0,1,0
+1485:0,0,0,0,1
+1486:1,0,0,0,0
+1487:0,1,0,0,0
+1488:0,0,1,0,0
+1489:0,0,0,1,0
+1490:0,0,0,0,1
+1491:1,0,0,0,0
+1492:0,1,0,0,0
+1493:0,0,1,0,0
+1494:0,0,0,1,0
+1495:0,0,0,0,1
+1496:1,0,0,0,0
+1497:0,1,0,0,0
+1498:0,0,1,0,0
+1499:0,0,0,1,0
+1500:0,0,0,0,1
+1501:1,0,0,0,0
+1502:0,1,0,0,0
+1503:0,0,1,0,0
+1504:0,0,0,1,0
+1505:0,0,0,0,1
+1506:1,0,0,0,0
+1507:0,1,0,0,0
+1508:0,0,1,0,0
+1509:0,0,0,1,0
+1510:0,0,0,0,1
+1511:1,0,0,0,0
+1512:0,1,0,0,0
+1513:0,0,1,0,0
+1514:0,0,0,1,0
+1515:0,0,0,0,1
+1516:1,0,0,0,0
+1517:0,1,0,0,0
+1518:0,0,1,0,0
+1519:0,0,0,1,0
+1520:0,0,0,0,1
