+0:1,0,0,0,0
+1:0,1,0,0,0
+2:0,0,1,0,0
+3:0,0,0,1,0
+4:0,0,0,0,1
+5:1,0,0,0,0
+6:0,1,0,0,0
+7:0,0,1,0,0
+8:0,0,0,1,0
+9:0,0,0,0,1
+10:1,0,0,0,0
+11:0,1,0,0,0
+12:0,0,1,0,0
+13:0,0,0,1,0
+14:0,0,0,0,1
+15:1,0,0,0,0
+16:0,1,0,0,0
+17:0,0,1,0,0
+18:0,0,0,1,0
+19:0,0,0,0,1
+20:1,0,0,0,0
+21:0,1,0,0,0
+22:0,0,1,0,0
+23:0,0,0,1,0
+24:0,0,0,0,1
+25:1,0,0,0,0
+26:0,1,0,0,0
+27:0,0,1,0,0
+28:0,0,0,1,0
+29:0,0,0,0,1
+30:1,0,0,0,0
+31:0,1,0,0,0
+32:0,0,1,0,0
+33:0,0,0,1,0
+34:0,0,0,0,1
+35:1,0,0,0,0
+36:0,1,0,0,0
+37:0,0,1,0,0
+38:0,0,0,1,0
+39:0,0,0,0,1
+40:0,0,1,0,0
+41:0,0,0,1,0
+42:0,0,0,0,1
+43:1,0,0,0,0
+44:0,1,0,0,0
+45:0,0,1,0,0
+46:0,0,0,1,0
+47:0,0,0,0,1
+48:1,0,0,0,0
+49:0,1,0,0,0
+50:0,0,1,0,0
+51:0,0,0,1,0
+52:0,0,0,0,1
+53:1,0,0,0,0
+54:0,1,0,0,0
+55:0,0,1,0,0
+56:0,0,0,1,0
+57:0,0,0,0,1
+58:1,0,0,0,0
+59:0,1,0,0,0
+60:0,0,1,0,0
+61:0,0,0,1,0
+62:0,0,0,0,1
+63:1,0,0,0,0
+64:0,1,0,0,0
+65:0,0,1,0,0
+66:0,0,0,1,0
+67:0,0,0,0,1
+68:1,0,0,0,0
+69:0,1,0,0,0
+70:0,0,1,0,0
+71:0,0,0,1,0
+72:0,0,0,0,1
+73:1,0,0,0,0
+74:0,1,0,0,0
+75:0,0,1,0,0
+76:0,0,0,1,0
+77:0,0,0,0,1
+78:1,0,0,0,0
+79:0,1,0,0,0
+80:0,0,0,0,1
+81:1,0,0,0,0
+82:0,1,0,0,0
+83:0,0,1,0,0
+84:0,0,0,1,0
+85:0,0,0,0,1
+86:1,0,0,0,0
+87:0,1,0,0,0
+88:0,0,1,0,0
+89:0,0,0,1,0
+90:0,0,0,0,1
+91:1,0,0,0,0
+92:0,1,0,0,0
+93:0,0,1,0,0
+94:0,0,0,1,0
+95:0,0,0,0,1
+96:1,0,0,0,0
+97:0,1,0,0,0
+98:0,0,1,0,0
+99:0,0,0,1,0
+100:0,0,0,0,1
+101:1,0,0,0,0
+102:0,1,0,0,0
+103:0,0,1,0,0
+104:0,0,0,1,0
+105:0,0,0,0,1
+106:1,0,0,0,0
+107:0,1,0,0,0
+108:0,0,1,0,0
+109:0,0,0,1,0
+110:0,0,0,0,1
+111:1,0,0,0,0
+112:0,1,0,0,0
+113:0,0,1,0,0
+114:0,0,0,1,0
+115:0,0,0,0,1
+116:1,0,0,0,0
+117:0,1,0,0,0
+118:0,0,1,0,0
+119:0,0,0,1,0
+120:0,1,0,0,0
+121:0,0,1,0,0
+122:0,0,0,1,0
+123:0,0,0,0,1
+124:1,0,0,0,0
+125:0,1,0,0,0
+126:0,0,1,0,0
+127:0,0,0,1,0
+128:0,0,0,0,1
+129:1,0,0,0,0
+130:0,1,0,0,0
+131:0,0,1,0,0
+132:0,0,0,1,0
+133:0,0,0,0,1
+134:1,0,0,0,0
+135:0,1,0,0,0
+136:0,0,1,0,0
+137:0,0,0,1,0
+138:0,0,0,0,1
+139:1,0,0,0,0
+140:0,1,0,0,0
+141:0,0,1,0,0
+142:0,0,0,1,0
+143:0,0,0,0,1
+144:1,0,0,0,0
+145:0,1,0,0,0
+146:0,0,1,0,0
+147:0,0,0,1,0
+148:0,0,0,0,1
+149:1,0,0,0,0
+150:0,1,0,0,0
+151:0,0,1,0,0
+152:0,0,0,1,0
+153:0,0,0,0,1
+154:1,0,0,0,0
+155:0,1,0,0,0
+156:0,0,1,0,0
+157:0,0,0,1,0
+158:0,0,0,0,1
+159:1,0,0,0,0
+160:0,0,0,1,0
+161:0,0,0,0,1
+162:1,0,0,0,0
+163:0,1,0,0,0
+164:0,0,1,0,0
+165:0,0,0,1,0
+166:0,0,0,0,1
+167:1,0,0,0,0
+168:0,1,0,0,0
+169:0,0,1,0,0
+170:0,0,0,1,0
+171:0,0,0,0,1
+172:1,0,0,0,0
+173:0,1,0,0,0
+174:0,0,1,0,0
+175:0,0,0,1,0
+176:0,0,0,0,1
+177:1,0,0,0,0
+178:0,1,0,0,0
+179:0,0,1,0,0
+180:0,0,0,1,0
+181:0,0,0,0,1
+182:1,0,0,0,0
+183:0,1,0,0,0
+184:0,0,1,0,0
+185:0,0,0,1,0
+186:0,0,0,0,1
+187:1,0,0,0,0
+188:0,1,0,0,0
+189:0,0,1,0,0
+190:0,0,0,1,0
+191:0,0,0,0,1
+192:1,0,0,0,0
+193:0,1,0,0,0
+194:0,0,1,0,0
+195:0,0,0,1,0
+196:0,0,0,0,1
+197:1,0,0,0,0
+198:0,1,0,0,0
+199:0,0,1,0,0
+200:1,0,0,0,0
+201:0,1,0,0,0
+202:0,0,1,0,0
+203:0,0,0,1,0
+204:0,0,0,0,1
+205:1,0,0,0,0
+206:0,1,0,0,0
+207:0,0,1,0,0
+208:0,0,0,1,0
+209:0,0,0,0,1
+210:1,0,0,0,0
+211:0,1,0,0,0
+212:0,0,1,0,0
+213:0,0,0,1,0
+214:0,0,0,0,1
+215:1,0,0,0,0
+216:0,1,0,0,0
+217:0,0,1,0,0
+218:0,0,0,1,0
+219:0,0,0,0,1
+220:1,0,0,0,0
+221:0,1,0,0,0
+222:0,0,1,0,0
+223:0,0,0,1,0
+224:0,0,0,0,1
+225:1,0,0,0,0
+226:0,1,0,0,0
+227:0,0,1,0,0
+228:0,0,0,1,0
+229:0,0,0,0,1
+230:1,0,0,0,0
+231:0,1,0,0,0
+232:0,0,1,0,0
+233:0,0,0,1,0
+234:0,0,0,0,1
+235:1,0,0,0,0
+236:0,1,0,0,0
+237:0,0,1,0,0
+238:0,0,0,1,0
+239:0,0,0,0,1
+240:0,0,1,0,0
+241:0,0,0,1,0
+242:0,0,0,0,1
+243:1,0,0,0,0
+244:0,1,0,0,0
+245:0,0,1,0,0
+246:0,0,0,1,0
+247:0,0,0,0,1
+248:1,0,0,0,0
+249:0,1,0,0,0
+250:0,0,1,0,0
+251:0,0,0,1,0
+252:0,0,0,0,1
+253:1,0,0,0,0
+254:0,1,0,0,0
+255:0,0,1,0,0
+256:0,0,0,1,0
+257:0,0,0,0,1
+258:1,0,0,0,0
+259:0,1,0,0,0
+260:0,0,1,0,0
+261:0,0,0,1,0
+262:0,0,0,0,1
+263:1,0,0,0,0
+264:0,1,0,0,0
+265:0,0,1,0,0
+266:0,0,0,1,0
+267:0,0,0,0,1
+268:1,0,0,0,0
+269:0,1,0,0,0
+270:0,0,1,0,0
+271:0,0,0,1,0
+272:0,0,0,0,1
+273:1,0,0,0,0
+274:0,1,0,0,0
+275:0,0,1,0,0
+276:0,0,0,1,0
+277:0,0,0,0,1
+278:1,0,0,0,0
+279:0,1,0,0,0
+280:0,0,0,0,1
+281:1,0,0,0,0
+282:0,1,0,0,0
+283:0,0,1,0,0
+284:0,0,0,1,0
+285:0,0,0,0,1
+286:1,0,0,0,0
+287:0,1,0,0,0
+288:0,0,1,0,0
+289:0,0,0,1,0
+290:0,0,0,0,1
+291:1,0,0,0,0
+292:0,1,0,0,0
+293:0,0,1,0,0
+294:0,0,0,1,0
+295:0,0,0,0,1
+296:1,0,0,0,0
+297:0,1,0,0,0
+298:0,0,1,0,0
+299:0,0,0,1,0
+300:0,0,0,0,1
+301:1,0,0,0,0
+302:0,1,0,0,0
+303:0,0,1,0,0
+304:0,0,0,1,0
+305:0,0,0,0,1
+306:1,0,0,0,0
+307:0,1,0,0,0
+308:0,0,1,0,0
+309:0,0,0,1,0
+310:0,0,0,0,1
+311:1,0,0,0,0
+312:0,1,0,0,0
+313:0,0,1,0,0
+314:0,0,0,1,0
+315:0,0,0,0,1
+316:1,0,0,0,0
+317:0,1,0,0,0
+318:0,0,1,0,0
+319:0,0,0,1,0
+320:0,1,0,0,0
+321:0,0,1,0,0
+322:0,0,0,1,0
+323:0,0,0,0,1
+324:1,0,0,0,0
+325:0,1,0,0,0
+326:0,0,1,0,0
+327:0,0,0,1,0
+328:0,0,0,0,1
+329:1,0,0,0,0
+330:0,1,0,0,0
+331:0,0,1,0,0
+332:0,0,0,1,0
+333:0,0,0,0,1
+334:1,0,0,0,0
+335:0,1,0,0,0
+336:0,0,1,0,0
+337:0,0,0,1,0
+338:0,0,0,0,1
+339:1,0,0,0,0
+340:0,1,0,0,0
+341:0,0,1,0,0
+342:0,0,0,1,0
+343:0,0,0,0,1
+344:1,0,0,0,0
+345:0,1,0,0,0
+346:0,0,1,0,0
+347:0,0,0,1,0
+348:0,0,0,0,1
+349:1,0,0,0,0
+350:0,1,0,0,0
+351:0,0,1,0,0
+352:0,0,0,1,0
+353:0,0,0,0,1
+354:1,0,0,0,0
+355:0,1,0,0,0
+356:0,0,1,0,0
+357:0,0,0,1,0
+358:0,0,0,0,1
+359:1,0,0,0,0
+360:0,0,0,1,0
+361:0,0,0,0,1
+362:1,0,0,0,0
+363:0,1,0,0,0
+364:0,0,1,0,0
+365:0,0,0,1,0
+366:0,0,0,0,1
+367:1,0,0,0,0
+368:0,1,0,0,0
+369:0,0,1,0,0
+370:0,0,0,1,0
+371:0,0,0,0,1
+372:1,0,0,0,0
+373:0,1,0,0,0
+374:0,0,1,0,0
+375:0,0,0,1,0
+376:0,0,0,0,1
+377:1,0,0,0,0
+378:0,1,0,0,0
+379:0,0,1,0,0
+380:0,0,0,1,0
+381:0,0,0,0,1
+382:1,0,0,0,0
+383:0,1,0,0,0
+384:0,0,1,0,0
+385:0,0,0,1,0
+386:0,0,0,0,1
+387:1,0,0,0,0
+388:0,1,0,0,0
+389:0,0,1,0,0
+390:0,0,0,1,0
+391:0,0,0,0,1
+392:1,0,0,0,0
+393:0,1,0,0,0
+394:0,0,1,0,0
+395:0,0,0,1,0
+396:0,0,0,0,1
+397:1,0,0,0,0
+398:0,1,0,0,0
+399:0,0,1,0,0
+400:1,0,0,0,0
+401:0,1,0,0,0
+402:0,0,1,0,0
+403:0,0,0,1,0
+404:0,0,0,0,1
+405:1,0,0,0,0
+406:0,1,0,0,0
+407:0,0,1,0,0
+408:0,0,0,1,0
+409:0,0,0,0,1
+410:1,0,0,0,0
+411:0,1,0,0,0
+412:0,0,1,0,0
+413:0,0,0,1,0
+414:0,0,0,0,1
+415:1,0,0,0,0
+416:0,1,0,0,0
+417:0,0,1,0,0
+418:0,0,0,1,0
+419:0,0,0,0,1
+420:1,0,0,0,0
+421:0,1,0,0,0
+422:0,0,1,0,0
+423:0,0,0,1,0
+424:0,0,0,0,1
+425:1,0,0,0,0
+426:0,1,0,0,0
+427:0,0,1,0,0
+428:0,0,0,1,0
+429:0,0,0,0,1
+430:1,0,0,0,0
+431:0,1,0,0,0
+432:0,0,1,0,0
+433:0,0,0,1,0
+434:0,0,0,0,1
+435:1,0,0,0,0
+436:0,1,0,0,0
+437:0,0,1,0,0
+438:0,0,0,1,0
+439:0,0,0,0,1
+440:0,0,1,0,0
+441:0,0,0,1,0
+442:0,0,0,0,1
+443:1,0,0,0,0
+444:0,1,0,0,0
+445:0,0,1,0,0
+446:0,0,0,1,0
+447:0,0,0,0,1
+448:1,0,0,0,0
+449:0,1,0,0,0
+450:0,0,1,0,0
+451:0,0,0,1,0
+452:0,0,0,0,1
+453:1,0,0,0,0
+454:0,1,0,0,0
+455:0,0,1,0,0
+456:0,0,0,1,0
+457:0,0,0,0,1
+458:1,0,0,0,0
+459:0,1,0,0,0
+460:0,0,1,0,0
+461:0,0,0,1,0
+462:0,0,0,0,1
+463:1,0,0,0,0
+464:0,1,0,0,0
+465:0,0,1,0,0
+466:0,0,0,1,0
+467:0,0,0,0,1
+468:1,0,0,0,0
+469:0,1,0,0,0
+470:0,0,1,0,0
+471:0,0,0,1,0
+472:0,0,0,0,1
+473:1,0,0,0,0
+474:0,1,0,0,0
+475:0,0,1,0,0
+476:0,0,0,1,0
+477:0,0,0,0,1
+478:1,0,0,0,0
+479:0,1,0,0,0
+480:0,0,0,0,1
+481:1,0,0,0,0
+482:0,1,0,0,0
+483:0,0,1,0,0
+484:0,0,0,1,0
+485:0,0,0,0,1
+486:1,0,0,0,0
+487:0,1,0,0,0
+488:0,0,1,0,0
+489:0,0,0,1,0
+490:0,0,0,0,1
+491:1,0,0,0,0
+492:0,1,0,0,0
+493:0,0,1,0,0
+494:0,0,0,1,0
+495:0,0,0,0,1
+496:1,0,0,0,0
+497:0,1,0,0,0
+498:0,0,1,0,0
+499:0,0,0,1,0
+500:0,0,0,0,1
+501:1,0,0,0,0
+502:0,1,0,0,0
+503:0,0,1,0,0
+504:0,0,0,1,0
+505:0,0,0,0,1
+506:1,0,0,0,0
+507:0,1,0,0,0
+508:0,0,1,0,0
+509:0,0,0,1,0
+510:0,0,0,0,1
+511:1,0,0,0,0
+512:0,1,0,0,0
+513:0,0,1,0,0
+514:0,0,0,1,0
+515:0,0,0,0,1
+516:1,0,0,0,0
+517:0,1,0,0,0
+518:0,0,1,0,0
+519:0,0,0,1,0
+520:0,1,0,0,0
+521:0,0,1,0,0
+522:0,0,0,1,0
+523:0,0,0,0,1
+524:1,0,0,0,0
+525:0,1,0,0,0
+526:0,0,1,0,0
+527:0,0,0,1,0
+528:0,0,0,0,1
+529:1,0,0,0,0
+530:0,1,0,0,0
+531:0,0,1,0,0
+532:0,0,0,1,0
+533:0,0,0,0,1
+534:1,0,0,0,0
+535:0,1,0,0,0
+536:0,0,1,0,0
+537:0,0,0,1,0
+538:0,0,0,0,1
+539:1,0,0,0,0
+540:0,1,0,0,0
+541:0,0,1,0,0
+542:0,0,0,1,0
+543:0,0,0,0,1
+544:1,0,0,0,0
+545:0,1,0,0,0
+546:0,0,1,0,0
+547:0,0,0,1,0
+548:0,0,0,0,1
+549:1,0,0,0,0
+550:0,1,0,0,0
+551:0,0,1,0,0
+552:0,0,0,1,0
+553:0,0,0,0,1
+554:1,0,0,0,0
+555:0,1,0,0,0
+556:0,0,1,0,0
+557:0,0,0,1,0
+558:0,0,0,0,1
+559:1,0,0,0,0
+560:0,0,0,1,0
+561:0,0,0,0,1
+562:1,0,0,0,0
+563:0,1,0,0,0
+564:0,0,1,0,0
+565:0,0,0,1,0
+566:0,0,0,0,1
+567:1,0,0,0,0
+568:0,1,0,0,0
+569:0,0,1,0,0
+570:0,0,0,1,0
+571:0,0,0,0,1
+572:1,0,0,0,0
+573:0,1,0,0,0
+574:0,0,1,0,0
+575:0,0,0,1,0
+576:0,0,0,0,1
+577:1,0,0,0,0
+578:0,1,0,0,0
+579:0,0,1,0,0
+580:0,0,0,1,0
+581:0,0,0,0,1
+582:1,0,0,0,0
+583:0,1,0,0,0
+584:0,0,1,0,0
+585:0,0,0,1,0
+586:0,0,0,0,1
+587:1,0,0,0,0
+588:0,1,0,0,0
+589:0,0,1,0,0
+590:0,0,0,1,0
+591:0,0,0,0,1
+592:1,0,0,0,0
+593:0,1,0,0,0
+594:0,0,1,0,0
+595:0,0,0,1,0
+596:0,0,0,0,1
+597:1,0,0,0,0
+598:0,1,0,0,0
+599:0,0,1,0,0
+600:1,0,0,0,0
+601:0,1,0,0,0
+602:0,0,1,0,0
+603:0,0,0,1,0
+604:0,0,0,0,1
+605:1,0,0,0,0
+606:0,1,0,0,0
+607:0,0,1,0,0
+608:0,0,0,1,0
+609:0,0,0,0,1
+610:1,0,0,0,0
+611:0,1,0,0,0
+612:0,0,1,0,0
+613:0,0,0,1,0
+614:0,0,0,0,1
+615:1,0,0,0,0
+616:0,1,0,0,0
+617:0,0,1,0,0
+618:0,0,0,1,0
+619:0,0,0,0,1
+620:1,0,0,0,0
+621:0,1,0,0,0
+622:0,0,1,0,0
+623:0,0,0,1,0
+624:0,0,0,0,1
+625:1,0,0,0,0
+626:0,1,0,0,0
+627:0,0,1,0,0
+628:0,0,0,1,0
+629:0,0,0,0,1
+630:1,0,0,0,0
+631:0,1,0,0,0
+632:0,0,1,0,0
+633:0,0,0,1,0
+634:0,0,0,0,1
+635:1,0,0,0,0
+636:0,1,0,0,0
+637:0,0,1,0,0
+638:0,0,0,1,0
+639:0,0,0,0,1
+640:0,0,1,0,0
+641:0,0,0,1,0
+642:0,0,0,0,1
+643:1,0,0,0,0
+644:0,1,0,0,0
+645:0,0,1,0,0
+646:0,0,0,1,0
+647:0,0,0,0,1
+648:1,0,0,0,0
+649:0,1,0,0,0
+650:0,0,1,0,0
+651:0,0,0,1,0
+652:0,0,0,0,1
+653:1,0,0,0,0
+654:0,1,0,0,0
+655:0,0,1,0,0
+656:0,0,0,1,0
+657:0,0,0,0,1
+658:1,0,0,0,0
+659:0,1,0,0,0
+660:0,0,1,0,0
+661:0,0,0,1,0
+662:0,0,0,0,1
+663:1,0,0,0,0
+664:0,1,0,0,0
+665:0,0,1,0,0
+666:0,0,0,1,0
+667:0,0,0,0,1
+668:1,0,0,0,0
+669:0,1,0,0,0
+670:0,0,1,0,0
+671:0,0,0,1,0
+672:0,0,0,0,1
+673:1,0,0,0,0
+674:0,1,0,0,0
+675:0,0,1,0,0
+676:0,0,0,1,0
+677:0,0,0,0,1
+678:1,0,0,0,0
+679:0,1,0,0,0
+680:0,0,0,0,1
+681:1,0,0,0,0
+682:0,1,0,0,0
+683:0,0,1,0,0
+684:0,0,0,1,0
+685:0,0,0,0,1
+686:1,0,0,0,0
+687:0,1,0,0,0
+688:0,0,1,0,0
+689:0,0,0,1,0
+690:0,0,0,0,1
+691:1,0,0,0,0
+692:0,1,0,0,0
+693:0,0,1,0,0
+694:0,0,0,1,0
+695:0,0,0,0,1
+696:1,0,0,0,0
+697:0,1,0,0,0
+698:0,0,1,0,0
+699:0,0,0,1,0
+700:0,0,0,0,1
+701:1,0,0,0,0
+702:0,1,0,0,0
+703:0,0,1,0,0
+704:0,0,0,1,0
+705:0,0,0,0,1
+706:1,0,0,0,0
+707:0,1,0,0,0
+708:0,0,1,0,0
+709:0,0,0,1,0
+710:0,0,0,0,1
+711:1,0,0,0,0
+712:0,1,0,0,0
+713:0,0,1,0,0
+714:0,0,0,1,0
+715:0,0,0,0,1
+716:1,0,0,0,0
+717:0,1,0,0,0
+718:0,0,1,0,0
+719:0,0,0,1,0
+720:0,1,0,0,0
+721:0,0,1,0,0
+722:0,0,0,1,0
+723:0,0,0,0,1
+724:1,0,0,0,0
+725:0,1,0,0,0
+726:0,0,1,0,0
+727:0,0,0,1,0
+728:0,0,0,0,1
+729:1,0,0,0,0
+730:0,1,0,0,0
+731:0,0,1,0,0
+732:0,0,0,1,0
+733:0,0,0,0,1
+734:1,0,0,0,0
+735:0,1,0,0,0
+736:0,0,1,0,0
+737:0,0,0,1,0
+738:0,0,0,0,1
+739:1,0,0,0,0
+740:0,1,0,0,0
+741:0,0,1,0,0
+742:0,0,0,1,0
+743:0,0,0,0,1
+744:1,0,0,0,0
+745:0,1,0,0,0
+746:0,0,1,0,0
+747:0,0,0,1,0
+748:0,0,0,0,1
+749:1,0,0,0,0
+750:0,1,0,0,0
+751:0,0,1,0,0
+752:0,0,0,1,0
+753:0,0,0,0,1
+754:1,0,0,0,0
+755:0,1,0,0,0
+756:0,0,1,0,0
+757:0,0,0,1,0
+758:0,0,0,0,1
+759:1,0,0,0,0
+760:0,0,0,1,0
+761:0,0,0,0,1
+762:1,0,0,0,0
+763:0,1,0,0,0
+764:0,0,1,0,0
+765:0,0,0,1,0
+766:0,0,0,0,1
+767:1,0,0,0,0
+768:0,1,0,0,0
+769:0,0,1,0,0
+770:0,0,0,1,0
+771:0,0,0,0,1
+772:1,0,0,0,0
+773:0,1,0,0,0
+774:0,0,1,0,0
+775:0,0,0,1,0
+776:0,0,0,0,1
+777:1,0,0,0,0
+778:0,1,0,0,0
+779:0,0,1,0,0
+780:0,0,0,1,0
+781:0,0,0,0,1
+782:1,0,0,0,0
+783:0,1,0,0,0
+784:0,0,1,0,0
+785:0,0,0,1,0
+786:0,0,0,0,1
+787:1,0,0,0,0
+788:0,1,0,0,0
+789:0,0,1,0,0
+790:0,0,0,1,0
+791:0,0,0,0,1
+792:1,0,0,0,0
+793:0,1,0,0,0
+794:0,0,1,0,0
+795:0,0,0,1,0
+796:0,0,0,0,1
+797:1,0,0,0,0
+798:0,1,0,0,0
+799:0,0,1,0,0
+800:1,0,0,0,0
+801:0,1,0,0,0
+802:0,0,1,0,0
+803:0,0,0,1,0
+804:0,0,0,0,1
+805:1,0,0,0,0
+806:0,1,0,0,0
+807:0,0,1,0,0
+808:0,0,0,1,0
+809:0,0,0,0,1
+810:1,0,0,0,0
+811:0,1,0,0,0
+812:0,0,1,0,0
+813:0,0,0,1,0
+814:0,0,0,0,1
+815:1,0,0,0,0
+816:0,1,0,0,0
+817:0,0,1,0,0
+818:0,0,0,1,0
+819:0,0,0,0,1
+820:1,0,0,0,0
+821:0,1,0,0,0
+822:0,0,1,0,0
+823:0,0,0,1,0
+824:0,0,0,0,1
+825:1,0,0,0,0
+826:0,1,0,0,0
+827:0,0,1,0,0
+828:0,0,0,1,0
+829:0,0,0,0,1
+830:1,0,0,0,0
+831:0,1,0,0,0
+832:0,0,1,0,0
+833:0,0,0,1,0
+834:0,0,0,0,1
+835:1,0,0,0,0
+836:0,1,0,0,0
+837:0,0,1,0,0
+838:0,0,0,1,0
+839:0,0,0,0,1
+840:0,0,1,0,0
+841:0,0,0,1,0
+842:0,0,0,0,1
+843:1,0,0,0,0
+844:0,1,0,0,0
+845:0,0,1,0,0
+846:0,0,0,1,0
+847:0,0,0,0,1
+848:1,0,0,0,0
+849:0,1,0,0,0
+850:0,0,1,0,0
+851:0,0,0,1,0
+852:0,0,0,0,1
+853:1,0,0,0,0
+854:0,1,0,0,0
+855:0,0,1,0,0
+856:0,0,0,1,0
+857:0,0,0,0,1
+858:1,0,0,0,0
+859:0,1,0,0,0
+860:0,0,1,0,0
+861:0,0,0,1,0
+862:0,0,0,0,1
+863:1,0,0,0,0
+864:0,1,0,0,0
+865:0,0,1,0,0
+866:0,0,0,1,0
+867:0,0,0,0,1
+868:1,0,0,0,0
+869:0,1,0,0,0
+870:0,0,1,0,0
+871:0,0,0,1,0
+872:0,0,0,0,1
+873:1,0,0,0,0
+874:0,1,0,0,0
+875:0,0,1,0,0
+876:0,0,0,1,0
+877:0,0,0,0,1
+878:1,0,0,0,0
+879:0,1,0,0,0
+880:0,0,0,0,1
+881:1,0,0,0,0
+882:0,1,0,0,0
+883:0,0,1,0,0
+884:0,0,0,1,0
+885:0,0,0,0,1
+886:1,0,0,0,0
+887:0,1,0,0,0
+888:0,0,1,0,0
+889:0,0,0,1,0
+890:0,0,0,0,1
+891:1,0,0,0,0
+892:0,1,0,0,0
+893:0,0,1,0,0
+894:0,0,0,1,0
+895:0,0,0,0,1
+896:1,0,0,0,0
+897:0,1,0,0,0
+898:0,0,1,0,0
+899:0,0,0,1,0
+900:0,0,0,0,1
+901:1,0,0,0,0
+902:0,1,0,0,0
+903:0,0,1,0,0
+904:0,0,0,1,0
+905:0,0,0,0,1
+906:1,0,0,0,0
+907:0,1,0,0,0
+908:0,0,1,0,0
+909:0,0,0,1,0
+910:0,0,0,0,1
+911:1,0,0,0,0
+912:0,1,0,0,0
+913:0,0,1,0,0
+914:0,0,0,1,0
+915:0,0,0,0,1
+916:1,0,0,0,0
+917:0,1,0,0,0
+918:0,0,1,0,0
+919:0,0,0,1,0
+920:0,1,0,0,0
+921:0,0,1,0,0
+922:0,0,0,1,0
+923:0,0,0,0,1
+924:1,0,0,0,0
+925:0,1,0,0,0
+926:0,0,1,0,0
+927:0,0,0,1,0
+928:0,0,0,0,1
+929:1,0,0,0,0
+930:0,1,0,0,0
+931:0,0,1,0,0
+932:0,0,0,1,0
+933:0,0,0,0,1
+934:1,0,0,0,0
+935:0,1,0,0,0
+936:0,0,1,0,0
+937:0,0,0,1,0
+938:0,0,0,0,1
+939:1,0,0,0,0
+940:0,1,0,0,0
+941:0,0,1,0,0
+942:0,0,0,1,0
+943:0,0,0,0,1
+944:1,0,0,0,0
+945:0,1,0,0,0
+946:0,0,1,0,0
+947:0,0,0,1,0
+948:0,0,0,0,1
+949:1,0,0,0,0
+950:0,1,0,0,0
+951:0,0,1,0,0
+952:0,0,0,1,0
+953:0,0,0,0,1
+954:1,0,0,0,0
+955:0,1,0,0,0
+956:0,0,1,0,0
+957:0,0,0,1,0
+958:0,0,0,0,1
+959:1,0,0,0,0
+960:0,0,0,1,0
+961:0,0,0,0,1
+962:1,0,0,0,0
+963:0,1,0,0,0
+964:0,0,1,0,0
+965:0,0,0,1,0
+966:0,0,0,0,1
+967:1,0,0,0,0
+968:0,1,0,0,0
+969:0,0,1,0,0
+970:0,0,0,1,0
+971:0,0,0,0,1
+972:1,0,0,0,0
+973:0,1,0,0,0
+974:0,0,1,0,0
+975:0,0,0,1,0
+976:0,0,0,0,1
+977:1,0,0,0,0
+978:0,1,0,0,0
+979:0,0,1,0,0
+980:0,0,0,1,0
+981:0,0,0,0,1
+982:1,0,0,0,0
+983:0,1,0,0,0
+984:0,0,1,0,0
+985:0,0,0,1,0
+986:0,0,0,0,1
+987:1,0,0,0,0
+988:0,1,0,0,0
+989:0,0,1,0,0
+990:0,0,0,1,0
+991:0,0,0,0,1
+992:1,0,0,0,0
+993:0,1,0,0,0
+994:0,0,1,0,0
+995:0,0,0,1,0
+996:0,0,0,0,1
+997:1,0,0,0,0
+998:0,1,0,0,0
+999:0,0,1,0,0
+1000:1,0,0,0,0
+1001:0,1,0,0,0
+1002:0,0,1,0,0
+1003:0,0,0,1,0
+1004:0,0,0,0,1
+1005:1,0,0,0,0
+1006:0,1,0,0,0
+1007:0,0,1,0,0
+1008:0,0,0,1,0
+1009:0,0,0,0,1
+1010:1,0,0,0,0
+1011:0,1,0,0,0
+1012:0,0,1,0,0
+1013:0,0,0,1,0
+1014:0,0,0,0,1
+1015:1,0,0,0,0
+1016:0,1,0,0,0
+1017:0,0,1,0,0
+1018:0,0,0,1,0
+1019:0,0,0,0,1
+1020:1,0,0,0,0
+1021:0,1,0,0,0
+1022:0,0,1,0,0
+1023:0,0,0,1,0
+1024:0,0,0,0,1
+1025:1,0,0,0,0
+1026:0,1,0,0,0
+1027:0,0,1,0,0
+1028:0,0,0,1,0
+1029:0,0,0,0,1
+1030:1,0,0,0,0
+1031:0,1,0,0,0
+1032:0,0,1,0,0
+1033:0,0,0,1,0
+1034:0,0,0,0,1
+1035:1,0,0,0,0
+1036:0,1,0,0,0
+1037:0,0,1,0,0
+1038:0,0,0,1,0
+1039:0,0,0,0,1
+1040:0,0,1,0,0
+1041:0,0,0,1,0
+1042:0,0,0,0,1
+1043:1,0,0,0,0
+1044:0,1,0,0,0
+1045:0,0,1,0,0
+1046:0,0,0,1,0
+1047:0,0,0,0,1
+1048:1,0,0,0,0
+1049:0,1,0,0,0
+1050:0,0,1,0,0
+1051:0,0,0,1,0
+1052:0,0,0,0,1
+1053:1,0,0,0,0
+1054:0,1,0,0,0
+1055:0,0,1,0,0
+1056:0,0,0,1,0
+1057:0,0,0,0,1
+1058:1,0,0,0,0
+1059:0,1,0,0,0
+1060:0,0,1,0,0
+1061:0,0,0,1,0
+1062:0,0,0,0,1
+1063:1,0,0,0,0
+1064:0,1,0,0,0
+1065:0,0,1,0,0
+1066:0,0,0,1,0
+1067:0,0,0,0,1
+1068:1,0,0,0,0
+1069:0,1,0,0,0
+1070:0,0,1,0,0
+1071:0,0,0,1,0
+1072:0,0,0,0,1
+1073:1,0,0,0,0
+1074:0,1,0,0,0
+1075:0,0,1,0,0
+1076:0,0,0,1,0
+1077:0,0,0,0,1
+1078:1,0,0,0,0
+1079:0,1,0,0,0
+1080:0,0,0,0,1
+1081:1,0,0,0,0
+1082:0,1,0,0,0
+1083:0,0,1,0,0
+1084:0,0,0,1,0
+1085:0,0,0,0,1
+1086:1,0,0,0,0
+1087:0,1,0,0,0
+1088:0,0,1,0,0
+1089:0,0,0,1,0
+1090:0,0,0,0,1
+1091:1,0,0,0,0
+1092:0,1,0,0,0
+1093:0,0,1,0,0
+1094:0,0,0,1,0
+1095:0,0,0,0,1
+1096:1,0,0,0,0
+1097:0,1,0,0,0
+1098:0,0,1,0,0
+1099:0,0,0,1,0
+1100:0,0,0,0,1
+1101:1,0,0,0,0
+1102:0,1,0,0,0
+1103:0,0,1,0,0
+1104:0,0,0,1,0
+1105:0,0,0,0,1
+1106:1,0,0,0,0
+1107:0,1,0,0,0
+1108:0,0,1,0,0
+1109:0,0,0,1,0
+1110:0,0,0,0,1
+1111:1,0,0,0,0
+1112:0,1,0,0,0
+1113:0,0,1,0,0
+1114:0,0,0,1,0
+1115:0,0,0,0,1
+1116:1,0,0,0,0
+1117:0,1,0,0,0
+1118:0,0,1,0,0
+1119:0,0,0,1,0
+1120:0,1,0,0,0
+1121:0,0,1,0,0
+1122:0,0,0,1,0
+1123:0,0,0,0,1
+1124:1,0,0,0,0
+1125:0,1,0,0,0
+1126:0,0,1,0,0
+1127:0,0,0,1,0
+1128:0,0,0,0,1
+1129:1,0,0,0,0
+1130:0,1,0,0,0
+1131:0,0,1,0,0
+1132:0,0,0,1,0
+1133:0,0,0,0,1
+1134:1,0,0,0,0
+1135:0,1,0,0,0
+1136:0,0,1,0,0
+1137:0,0,0,1,0
+1138:0,0,0,0,1
+1139:1,0,0,0,0
+1140:0,1,0,0,0
+1141:0,0,1,0,0
+1142:0,0,0,1,0
+1143:0,0,0,0,1
+1144:1,0,0,0,0
+1145:0,1,0,0,0
+1146:0,0,1,0,0
+1147:0,0,0,1,0
+1148:0,0,0,0,1
+1149:1,0,0,0,0
+1150:0,1,0,0,0
+1151:0,0,1,0,0
+1152:0,0,0,1,0
+1153:0,0,0,0,1
+1154:1,0,0,0,0
+1155:0,1,0,0,0
+1156:0,0,1,0,0
+1157:0,0,0,1,0
+1158:0,0,0,0,1
+1159:1,0,0,0,0
+1160:0,0,0,1,0
+1161:0,0,0,0,1
+1162:1,0,0,0,0
+1163:0,1,0,0,0
+1164:0,0,1,0,0
+1165:0,0,0,1,0
+1166:0,0,0,0,1
+1167:1,0,0,0,0
+1168:0,1,0,0,0
+1169:0,0,1,0,0
+1170:0,0,0,1,0
+1171:0,0,0,0,1
+1172:1,0,0,0,0
+1173:0,1,0,0,0
+1174:0,0,1,0,0
+1175:0,0,0,1,0
+1176:0,0,0,0,1
+1177:1,0,0,0,0
+1178:0,1,0,0,0
+1179:0,0,1,0,0
+1180:0,0,0,1,0
+1181:0,0,0,0,1
+1182:1,0,0,0,0
+1183:0,1,0,0,0
+1184:0,0,1,0,0
+1185:0,0,0,1,0
+1186:0,0,0,0,1
+1187:1,0,0,0,0
+1188:0,1,0,0,0
+1189:0,0,1,0,0
+1190:0,0,0,1,0
+1191:0,0,0,0,1
+1192:1,0,0,0,0
+1193:0,1,0,0,0
+1194:0,0,1,0,0
+1195:0,0,0,1,0
+1196:0,0,0,0,1
+1197:1,0,0,0,0
+1198:0,1,0,0,0
+1199:0,0,1,0,0
+1200:1,0,0,0,0
+1201:0,1,0,0,0
+1202:0,0,1,0,0
+1203:0,0,0,1,0
+1204:0,0,0,0,1
+1205:1,0,0,0,0
+1206:0,1,0,0,0
+1207:0,0,1,0,0
+1208:0,0,0,1,0
+1209:0,0,0,0,1
+1210:1,0,0,0,0
+1211:0,1,0,0,0
+1212:0,0,1,0,0
+1213:0,0,0,1,0
+1214:0,0,0,0,1
+1215:1,0,0,0,0
+1216:0,1,0,0,0
+1217:0,0,1,0,0
+1218:0,0,0,1,0
+1219:0,0,0,0,1
+1220:1,0,0,0,0
+1221:0,1,0,0,0
+1222:0,0,1,0,0
+1223:0,0,0,1,0
+1224:0,0,0,0,1
+1225:1,0,0,0,0
+1226:0,1,0,0,0
+1227:0,0,1,0,0
+1228:0,0,0,1,0
+1229:0,0,0,0,1
+1230:1,0,0,0,0
+1231:0,1,0,0,0
+1232:0,0,1,0,0
+1233:0,0,0,1,0
+1234:0,0,0,0,1
+1235:1,0,0,0,0
+1236:0,1,0,0,0
+1237:0,0,1,0,0
+1238:0,0,0,1,0
+1239:0,0,0,0,1
+1240:0,0,1,0,0
+1241:0,0,0,1,0
+1242:0,0,0,0,1
+1243:1,0,0,0,0
+1244:0,1,0,0,0
+1245:0,0,1,0,0
+1246:0,0,0,1,0
+1247:0,0,0,0,1
+1248:1,0,0,0,0
+1249:0,1,0,0,0
+1250:0,0,1,0,0
+1251:0,0,0,1,0
+1252:0,0,0,0,1
+1253:1,0,0,0,0
+1254:0,1,0,0,0
+1255:0,0,1,0,0
+1256:0,0,0,1,0
+1257:0,0,0,0,1
+1258:1,0,0,0,0
+1259:0,1,0,0,0
+1260:0,0,1,0,0
+1261:0,0,0,1,0
+1262:0,0,0,0,1
+1263:1,0,0,0,0
+1264:0,1,0,0,0
+1265:0,0,1,0,0
+1266:0,0,0,1,0
+1267:0,0,0,0,1
+1268:1,0,0,0,0
+1269:0,1,0,0,0
+1270:0,0,1,0,0
+1271:0,0,0,1,0
+1272:0,0,0,0,1
+1273:1,0,0,0,0
+1274:0,1,0,0,0
+1275:0,0,1,0,0
+1276:0,0,0,1,0
+1277:0,0,0,0,1
+1278:1,0,0,0,0
+1279:0,1,0,0,0
+1280:0,0,0,0,1
+1281:1,0,0,0,0
+1282:0,1,0,0,0
+1283:0,0,1,0,0
+1284:0,0,0,1,0
+1285:0,0,0,0,1
+1286:1,0,0,0,0
+1287:0,1,0,0,0
+1288:0,0,1,0,0
+1289:0,0,0,1,0
+1290:0,0,0,0,1
+1291:1,0,0,0,0
+1292:0,1,0,0,0
+1293:0,0,1,0,0
+1294:0,0,0,1,0
+1295:0,0,0,0,1
+1296:1,0,0,0,0
+1297:0,1,0,0,0
+1298:0,0,1,0,0
+1299:0,0,0,1,0
+1300:0,0,0,0,1
+1301:1,0,0,0,0
+1302:0,1,0,0,0
+1303:0,0,1,0,0
+1304:0,0,0,1,0
+1305:0,0,0,0,1
+1306:1,0,0,0,0
+1307:0,1,0,0,0
+1308:0,0,1,0,0
+1309:0,0,0,1,0
+1310:0,0,0,0,1
+1311:1,0,0,0,0
+1312:0,1,0,0,0
+1313:0,0,1,0,0
+1314:0,0,0,1,0
+1315:0,0,0,0,1
+1316:1,0,0,0,0
+1317:0,1,0,0,0
+1318:0,0,1,0,0
+1319:0,0,0,1,0
+1320:0,1,0,0,0
+1321:0,0,1,0,0
+1322:0,0,0,1,0
+1323:0,0,0,0,1
+1324:1,0,0,0,0
+1325:0,1,0,0,0
+1326:0,0,1,0,0
+1327:0,0,0,1,0
+1328:0,0,0,0,1
+1329:1,0,0,0,0
+1330:0,1,0,0,0
+1331:0,0,1,0,0
+1332:0,0,0,1,0
+1333:0,0,0,0,1
+1334:1,0,0,0,0
+1335:0,1,0,0,0
+1336:0,0,1,0,0
+1337:0,0,0,1,0
+1338:0,0,0,0,1
+1339:1,0,0,0,0
+1340:0,1,0,0,0
+1341:0,0,1,0,0
+1342:0,0,0,1,0
+1343:0,0,0,0,1
+1344:1,0,0,0,0
+1345:0,1,0,0,0
+1346:0,0,1,0,0
+1347:0,0,0,1,0
+1348:0,0,0,0,1
+1349:1,0,0,0,0
+1350:0,1,0,0,0
+1351:0,0,1,0,0
+1352:0,0,0,1,0
+1353:0,0,0,0,1
+1354:1,0,0,0,0
+1355:0,1,0,0,0
+1356:0,0,1,0,0
+1357:0,0,0,1,0
+1358:0,0,0,0,1
+1359:1,0,0,0,0
+1360:0,0,0,1,0
+1361:0,0,0,0,1
+1362:1,0,0,0,0
+1363:0,1,0,0,0
+1364:0,0,1,0,0
+1365:0,0,0,1,0
+1366:0,0,0,0,1
+1367:1,0,0,0,0
+1368:0,1,0,0,0
+1369:0,0,1,0,0
+1370:0,0,0,1,0
+1371:0,0,0,0,1
+1372:1,0,0,0,0
+1373:0,1,0,0,0
+1374:0,0,1,0,0
+1375:0,0,0,1,0
+1376:0,0,0,0,1
+1377:1,0,0,0,0
+1378:0,1,0,0,0
+1379:0,0,1,0,0
+1380:0,0,0,1,0
+1381:0,0,0,0,1
+1382:1,0,0,0,0
+1383:0,1,0,0,0
+1384:0,0,1,0,0
+1385:0,0,0,1,0
+1386:0,0,0,0,1
+1387:1,0,0,0,0
+1388:0,1,0,0,0
+1389:0,0,1,0,0
+1390:0,0,0,1,0
+1391:0,0,0,0,1
+1392:1,0,0,0,0
+1393:0,1,0,0,0
+1394:0,0,1,0,0
+1395:0,0,0,1,0
+1396:0,0,0,0,1
+1397:1,0,0,0,0
+1398:0,1,0,0,0
+1399:0,0,1,0,0
+1400:1,0,0,0,0
+1401:0,1,0,0,0
+1402:0,0,1,0,0
+1403:0,0,0,1,0
+1404:0,0,0,0,1
+1405:1,0,0,0,0
+1406:0,1,0,0,0
+1407:0,0,1,0,0
+1408:0,0,0,1,0
+1409:0,0,0,0,1
+1410:1,0,0,0,0
+1411:0,1,0,0,0
+1412:0,0,1,0,0
+1413:0,0,0,1,0
+1414:0,0,0,0,1
+1415:1,0,0,0,0
+1416:0,1,0,0,0
+1417:0,0,1,0,0
+1418:0,0,0,1,0
+1419:0,0,0,0,1
+1420:1,0,0,0,0
+1421:0,1,0,0,0
+1422:0,0,1,0,0
+1423:0,0,0,1,0
+1424:0,0,0,0,1
+1425:1,0,0,0,0
+1426:0,1,0,0,0
+1427:0,0,1,0,0
+1428:0,0,0,1,0
+1429:0,0,0,0,1
+1430:1,0,0,0,0
+1431:0,1,0,0,0
+1432:0,0,1,0,0
+1433:0,0,0,1,0
+1434:0,0,0,0,1
+1435:1,0,0,0,0
+1436:0,1,0,0,0
+1437:0,0,1,0,0
+1438:0,0,0,1,0
+1439:0,0,0,0,1
+1440:0,0,1,0,0
+1441:0,0,0,1,0
+1442:0,0,0,0,1
+1443:1,0,0,0,0
+1444:0,1,0,0,0
+1445:0,0,1,0,0
+1446:0,0,0,1,0
+1447:0,0,0,0,1
+1448:1,0,0,0,0
+1449:0,1,0,0,0
+1450:0,0,1,0,0
+1451:0,0,0,1,0
+1452:0,0,0,0,1
+1453:1,0,0,0,0
+1454:0,1,0,0,0
+1455:0,0,1,0,0
+1456:0,0,0,1,0
+1457:0,0,0,0,1
+1458:1,0,0,0,0
+1459:0,1,0,0,0
+1460:0,0,1,0,0
+1461:0,0,0,1,0
+1462:0,0,0,0,1
+1463:1,0,0,0,0
+1464:0,1,0,0,0
+1465:0,0,1,0,0
+1466:0,0,0,1,0
+1467:0,0,0,0,1
+1468:1,0,0,0,0
+1469:0,1,0,0,0
+1470:0,0,1,0,0
+1471:0,0,0,1,0
+1472:0,0,0,0,1
+1473:1,0,0,0,0
+1474:0,1,0,0,0
+1475:0,0,1,0,0
+1476:0,0,0,1,0
+1477:0,0,0,0,1
+1478:1,0,0,0,0
+1479:0,1,0,0,0
+1480:0,0,0,0,1
+1481:1,0,0,0,0
+1482:0,1,0,0,0
+1483:0,0,1,0,0
+1484:0,0,0,1,0
+1485:0,0,0,0,1
+1486:1,0,0,0,0
+1487:0,1,0,0,0
+1488:0,0,1,0,0
+1489:0,0,0,1,0
+1490:0,0,0,0,1
+1491:1,0,0,0,0
+1492:0,1,0,0,0
+1493:0,0,1,0,0
+1494:0,0,0,1,0
+1495:0,0,0,0,1
+1496:1,0,0,0,0
+1497:0,1,0,0,0
+1498:0,0,1,0,0
+1499:0,0,0,1,0
+1500:0,0,0,0,1
+1501:1,0,0,0,0
+1502:0,1,0,0,0
+1503:0,0,1,0,0
+1504:0,0,0,1,0
+1505:0,0,0,0,1
+1506:1,0,0,0,0
+1507:0,1,0,0,0
+1508:0,0,1,0,0
+1509:0,0,0,1,0
+1510:0,0,0,0,1
+1511:1,0,0,0,0
+1512:0,1,0,0,0
+1513:0,0,1,0,0
+1514:0,0,0,1,0
+1515:0,0,0,0,1
+1516:1,0,0,0,0
+1517:0,1,0,0,0
+1518:0,0,1,0,0
+1519:0,0,0,1,0
+1520:0,1,0,0,0
+1521:0,0,1,0,0
+1522:0,0,0,1,0
+1523:0,0,0,0,1
+1524:1,0,0,0,0
+1525:0,1,0,0,0
+1526:0,0,1,0,0
+1527:0,0,0,1,0
+1528:0,0,0,0,1
+1529:1,0,0,0,0
+1530:0,1,0,0,0
+1531:0,0,1,0,0
+1532:0,0,0,1,0
+1533:0,0,0,0,1
+1534:1,0,0,0,0
+1535:0,1,0,0,0
+1536:0,0,1,0,0
+1537:0,0,0,1,0
+1538:0,0,0,0,1
+1539:1,0,0,0,0
+1540:0,1,0,0,0
+1541:0,0,1,0,0
+1542:0,0,0,1,0
+1543:0,0,0,0,1
+1544:1,0,0,0,0
+1545:0,1,0,0,0
+1546:0,0,1,0,0
+1547:0,0,0,1,0
+1548:0,0,0,0,1
+1549:1,0,0,0,0
+1550:0,1,0,0,0
+1551:0,0,1,0,0
+1552:0,0,0,1,0
+1553:0,0,0,0,1
+1554:1,0,0,0,0
+1555:0,1,0,0,0
+1556:0,0,1,0,0
+1557:0,0,0,1,0
+1558:0,0,0,0,1
+1559:1,0,0,0,0
+1560:0,0,0,1,0
+1561:0,0,0,0,1
+1562:1,0,0,0,0
+1563:0,1,0,0,0
+1564:0,0,1,0,0
+1565:0,0,0,1,0
+1566:0,0,0,0,1
+1567:1,0,0,0,0
+1568:0,1,0,0,0
+1569:0,0,1,0,0
+1570:0,0,0,1,0
+1571:0,0,0,0,1
+1572:1,0,0,0,0
+1573:0,1,0,0,0
+1574:0,0,1,0,0
+1575:0,0,0,1,0
+1576:0,0,0,0,1
+1577:1,0,0,0,0
+1578:0,1,0,0,0
+1579:0,0,1,0,0
+1580:0,0,0,1,0
+1581:0,0,0,0,1
+1582:1,0,0,0,0
+1583:0,1,0,0,0
+1584:0,0,1,0,0
+1585:0,0,0,1,0
+1586:0,0,0,0,1
+1587:1,0,0,0,0
+1588:0,1,0,0,0
+1589:0,0,1,0,0
+1590:0,0,0,1,0
+1591:0,0,0,0,1
+1592:1,0,0,0,0
+1593:0,1,0,0,0
+1594:0,0,1,0,0
+1595:0,0,0,1,0
+1596:0,0,0,0,1
+1597:1,0,0,0,0
+1598:0,1,0,0,0
+1599:0,0,1,0,0
